File : 		3.29_29_1
UID : 		394804000a4ffa

Setting
Strip Type : 		customise
Current Range : 		20.0		uA
Sweep Rate : 		0.05		Vps
Step size : 		5		mV
Step time : 		100		ms
V Start : 		-0.8		V
V Mid : 		0.5		V
V End : 		-0.8		V
Loop : 		3
Next time to scan : 		5

Offset
index 	 I (uA) 	 HEX 
0	-800	-252
1	-758	-249
2	-716	-247
3	-674	-246
4	-632	-245
5	-590	-244
6	-548	-243
7	-506	-243
8	-465	-242
9	-423	-241
10	-381	-241
11	-339	-241
12	-297	-240
13	-255	-239
14	-213	-239
15	-171	-239
16	-129	-238
17	-87	-238
18	-45	-238
19	-3	-237
20	39	-242
21	81	-245
22	123	-247
23	165	-250
24	206	-251
25	248	-253
26	290	-255
27	332	-257
28	374	-260
29	416	-262
30	458	-264
31	500	-266

Conversion
index 	 sampling time(ms) 	 V (mV) 	 I(uA) 	 HEX 
0	0	-800	-6.5728	1097
1	100	-795	-6.4656	1075
2	200	-790	-6.6069	1105
3	300	-785	-6.5240	1088
4	400	-780	-6.3243	1047
5	500	-775	-6.1391	1010
6	600	-770	-6.0222	986
7	700	-765	-5.9101	963
8	800	-760	-5.8127	944
9	900	-755	-5.7055	922
10	1000	-750	-5.6129	903
11	1100	-745	-5.5155	884
12	1200	-740	-5.4375	868
13	1300	-735	-5.3449	849
14	1400	-730	-5.2670	833
15	1500	-725	-5.1744	815
16	1600	-720	-5.1013	800
17	1700	-715	-5.0136	782
18	1800	-710	-4.9405	767
19	1900	-705	-4.8626	751
20	2000	-700	-4.7895	736
21	2100	-695	-4.7067	719
22	2200	-690	-4.6336	705
23	2300	-685	-4.5654	691
24	2400	-680	-4.4971	677
25	2500	-675	-4.4289	663
26	2600	-670	-4.3705	651
27	2700	-665	-4.2925	635
28	2800	-660	-4.2389	624
29	2900	-655	-4.1658	609
30	3000	-650	-4.1025	597
31	3100	-645	-4.0343	583
32	3200	-640	-3.9709	570
33	3300	-635	-3.9027	556
34	3400	-630	-3.8491	545
35	3500	-625	-3.7858	532
36	3600	-620	-3.7224	519
37	3700	-615	-3.6396	502
38	3800	-610	-3.5714	489
39	3900	-605	-3.5081	476
40	4000	-600	-3.4447	463
41	4100	-595	-3.3619	446
42	4200	-590	-3.3034	434
43	4300	-585	-3.2303	419
44	4400	-580	-3.1573	404
45	4500	-575	-3.0647	385
46	4600	-570	-3.0111	374
47	4700	-565	-2.9283	358
48	4800	-560	-2.8649	345
49	4900	-555	-2.7870	329
50	5000	-550	-2.7236	316
51	5100	-545	-2.6457	300
52	5200	-540	-2.5872	288
53	5300	-535	-2.4995	270
54	5400	-530	-2.4362	257
55	5500	-525	-2.3582	241
56	5600	-520	-2.2949	228
57	5700	-515	-2.2120	211
58	5800	-510	-2.1389	196
59	5900	-505	-2.0805	184
60	6000	-500	-2.0171	171
61	6100	-495	-1.9294	153
62	6200	-490	-1.8710	141
63	6300	-485	-1.7881	125
64	6400	-480	-1.7345	114
65	6500	-475	-1.6371	94
66	6600	-470	-1.5932	85
67	6700	-465	-1.5202	70
68	6800	-460	-1.4617	58
69	6900	-455	-1.3350	32
70	7000	-450	-1.2863	22
71	7100	-445	-1.1986	4
72	7200	-440	-1.1352	-8
73	7300	-435	-1.0232	-31
74	7400	-430	-0.9598	-44
75	7500	-425	-0.8332	-70
76	7600	-420	-0.7601	-85
77	7700	-415	-0.6237	-113
78	7800	-410	-0.5506	-128
79	7900	-405	-0.4434	-150
80	8000	-400	-0.3313	-173
81	8100	-395	-0.1803	-204
82	8200	-390	-0.1267	-215
83	8300	-385	0.0195	-245
84	8400	-380	0.1169	-265
85	8500	-375	0.2923	-301
86	8600	-370	0.3898	-321
87	8700	-365	0.5213	-348
88	8800	-360	0.6139	-367
89	8900	-355	0.7796	-401
90	9000	-350	0.8819	-422
91	9100	-345	1.0232	-451
92	9200	-340	1.1206	-471
93	9300	-335	1.3155	-511
94	9400	-330	1.3886	-526
95	9500	-325	1.5445	-558
96	9600	-320	1.6468	-579
97	9700	-315	1.7979	-609
98	9800	-310	1.9002	-630
99	9900	-305	2.0318	-657
100	10000	-300	2.1292	-677
101	10100	-295	2.3241	-717
102	10200	-290	2.3972	-732
103	10300	-285	2.5580	-765
104	10400	-280	2.6213	-778
105	10500	-275	2.7821	-810
106	10600	-270	2.9039	-835
107	10700	-265	2.9867	-852
108	10800	-260	3.0939	-874
109	10900	-255	3.3180	-920
110	11000	-250	3.3716	-931
111	11100	-245	3.4740	-952
112	11200	-240	3.5568	-969
113	11300	-235	3.7419	-1007
114	11400	-230	3.7566	-1010
115	11500	-225	3.8930	-1038
116	11600	-220	3.9417	-1048
117	11700	-215	4.1317	-1087
118	11800	-210	4.1853	-1098
119	11900	-205	4.3071	-1123
120	12000	-200	4.3802	-1138
121	12100	-195	4.5215	-1167
122	12200	-190	4.5751	-1178
123	12300	-185	4.7115	-1206
124	12400	-180	4.8285	-1230
125	12500	-175	4.9941	-1264
126	12600	-170	5.0916	-1284
127	12700	-165	5.2329	-1313
128	12800	-160	5.3595	-1339
129	12900	-155	5.5496	-1378
130	13000	-150	5.6616	-1401
131	13100	-145	5.8711	-1443
132	13200	-140	6.0173	-1473
133	13300	-135	6.2414	-1519
134	13400	-130	6.4168	-1555
135	13500	-125	6.5728	-1587
136	13600	-120	6.7676	-1627
137	13700	-115	6.9918	-1673
138	13800	-110	7.1574	-1707
139	13900	-105	7.3621	-1749
140	14000	-100	7.5423	-1786
141	14100	-95	7.8298	-1845
142	14200	-90	8.0296	-1886
143	14300	-85	8.2732	-1936
144	14400	-80	8.4486	-1972
145	14500	-75	8.7263	-2029
146	14600	-70	8.8822	-2061
147	14700	-65	9.1064	-2107
148	14800	-60	9.2866	-2144
149	14900	-55	9.5059	-2189
150	15000	-50	9.4961	-2187
151	15100	-45	9.2135	-2129
152	15200	-40	8.9017	-2065
153	15300	-35	8.5996	-2003
154	15400	-30	8.2976	-1941
155	15500	-25	8.0150	-1883
156	15600	-20	7.7470	-1827
157	15700	-15	7.4644	-1769
158	15800	-10	7.1818	-1711
159	15900	-5	6.9187	-1657
160	16000	0	6.6605	-1604
161	16100	5	6.6702	-1607
162	16200	10	6.6215	-1598
163	16300	15	6.5971	-1593
164	16400	20	6.5435	-1583
165	16500	25	6.5630	-1587
166	16600	30	6.5289	-1581
167	16700	35	6.5338	-1583
168	16800	40	6.5143	-1579
169	16900	45	6.5630	-1589
170	17000	50	6.5533	-1588
171	17100	55	6.5825	-1594
172	17200	60	6.5776	-1594
173	17300	65	6.6605	-1611
174	17400	70	6.6702	-1613
175	17500	75	6.7043	-1621
176	17600	80	6.7140	-1623
177	17700	85	6.7774	-1636
178	17800	90	6.7969	-1640
179	17900	95	6.8310	-1648
180	18000	100	6.8407	-1650
181	18100	105	6.9430	-1671
182	18200	110	6.9577	-1674
183	18300	115	7.0064	-1685
184	18400	120	7.0161	-1687
185	18500	125	7.0843	-1701
186	18600	130	7.0941	-1704
187	18700	135	7.1233	-1710
188	18800	140	7.1233	-1710
189	18900	145	7.2110	-1729
190	19000	150	7.2110	-1729
191	19100	155	7.2305	-1733
192	19200	160	7.2159	-1731
193	19300	165	7.2597	-1740
194	19400	170	7.2500	-1738
195	19500	175	7.2597	-1740
196	19600	180	7.2403	-1736
197	19700	185	7.2549	-1739
198	19800	190	7.2208	-1733
199	19900	195	7.2110	-1731
200	20000	200	7.1526	-1719
201	20100	205	7.1526	-1719
202	20200	210	7.0941	-1707
203	20300	215	7.0405	-1696
204	20400	220	6.9479	-1678
205	20500	225	6.9236	-1673
206	20600	230	6.8115	-1650
207	20700	235	6.7140	-1630
208	20800	240	6.5728	-1602
209	20900	245	6.4509	-1577
210	21000	250	6.2707	-1540
211	21100	255	6.0709	-1499
212	21200	260	5.8224	-1449
213	21300	265	5.6714	-1418
214	21400	270	5.4814	-1379
215	21500	275	5.3693	-1356
216	21600	280	5.2621	-1335
217	21700	285	5.2426	-1331
218	21800	290	5.1793	-1318
219	21900	295	5.1549	-1313
220	22000	300	5.1111	-1304
221	22100	305	5.1452	-1312
222	22200	310	5.1208	-1307
223	22300	315	5.1208	-1307
224	22400	320	5.1013	-1303
225	22500	325	5.1305	-1310
226	22600	330	5.1257	-1309
227	22700	335	5.1452	-1313
228	22800	340	5.1305	-1311
229	22900	345	5.1793	-1321
230	23000	350	5.1890	-1323
231	23100	355	5.2231	-1331
232	23200	360	5.2377	-1334
233	23300	365	5.2865	-1344
234	23400	370	5.2913	-1346
235	23500	375	5.3254	-1353
236	23600	380	5.3401	-1356
237	23700	385	5.4131	-1372
238	23800	390	5.4326	-1376
239	23900	395	5.4765	-1385
240	24000	400	5.4911	-1388
241	24100	405	5.5593	-1402
242	24200	410	5.5788	-1407
243	24300	415	5.6324	-1418
244	24400	420	5.6519	-1422
245	24500	425	5.7445	-1441
246	24600	430	5.7591	-1445
247	24700	435	5.8175	-1457
248	24800	440	5.8370	-1461
249	24900	445	5.9150	-1477
250	25000	450	5.9345	-1482
251	25100	455	5.9881	-1493
252	25200	460	6.0076	-1497
253	25300	465	6.1001	-1516
254	25400	470	6.1294	-1523
255	25500	475	6.1732	-1532
256	25600	480	6.1976	-1537
257	25700	485	6.2609	-1550
258	25800	490	6.2853	-1556
259	25900	495	6.3340	-1566
260	0	500	6.3535	-1570
261	100	495	6.0173	-1501
262	200	490	5.6909	-1434
263	300	485	5.4083	-1375
264	400	480	5.0964	-1311
265	500	475	4.8528	-1261
266	600	470	4.6043	-1210
267	700	465	4.3900	-1165
268	800	460	4.1171	-1109
269	900	455	3.9320	-1071
270	1000	450	3.7419	-1032
271	1100	445	3.5714	-996
272	1200	440	3.3765	-956
273	1300	435	3.2157	-923
274	1400	430	3.0403	-887
275	1500	425	2.9088	-859
276	1600	420	2.7334	-823
277	1700	415	2.6213	-800
278	1800	410	2.4898	-773
279	1900	405	2.3874	-751
280	2000	400	2.2559	-724
281	2100	395	2.1633	-705
282	2200	390	2.0561	-683
283	2300	385	1.9684	-665
284	2400	380	1.8612	-642
285	2500	375	1.7881	-627
286	2600	370	1.7053	-610
287	2700	365	1.6322	-594
288	2800	360	1.5299	-573
289	2900	355	1.4714	-561
290	3000	350	1.4032	-546
291	3100	345	1.3496	-535
292	3200	340	1.2717	-519
293	3300	335	1.2230	-508
294	3400	330	1.1645	-496
295	3500	325	1.1206	-487
296	3600	320	1.0670	-475
297	3700	315	1.0281	-467
298	3800	310	0.9793	-457
299	3900	305	0.9355	-448
300	4000	300	0.8770	-435
301	4100	295	0.8770	-435
302	4200	290	0.8234	-424
303	4300	285	0.7893	-417
304	4400	280	0.7406	-407
305	4500	275	0.7162	-401
306	4600	270	0.6773	-393
307	4700	265	0.6480	-387
308	4800	260	0.5944	-376
309	4900	255	0.5847	-373
310	5000	250	0.5554	-367
311	5100	245	0.5262	-361
312	5200	240	0.4921	-354
313	5300	235	0.4775	-350
314	5400	230	0.4434	-343
315	5500	225	0.4288	-340
316	5600	220	0.3898	-332
317	5700	215	0.3800	-329
318	5800	210	0.3508	-323
319	5900	205	0.3313	-319
320	6000	200	0.2972	-312
321	6100	195	0.2826	-309
322	6200	190	0.2631	-305
323	6300	185	0.2485	-301
324	6400	180	0.2193	-295
325	6500	175	0.2095	-293
326	6600	170	0.1851	-288
327	6700	165	0.1705	-285
328	6800	160	0.1462	-280
329	6900	155	0.1413	-278
330	7000	150	0.1121	-272
331	7100	145	0.1072	-271
332	7200	140	0.0780	-264
333	7300	135	0.0731	-263
334	7400	130	0.0585	-260
335	7500	125	0.0487	-257
336	7600	120	0.0292	-253
337	7700	115	0.0195	-251
338	7800	110	0.0097	-248
339	7900	105	-0.0000	-246
340	8000	100	-0.0292	-240
341	8100	95	-0.0341	-239
342	8200	90	-0.0487	-235
343	8300	85	-0.0536	-234
344	8400	80	-0.0780	-229
345	8500	75	-0.0828	-228
346	8600	70	-0.0926	-225
347	8700	65	-0.1023	-223
348	8800	60	-0.1267	-218
349	8900	55	-0.1267	-217
350	9000	50	-0.1413	-214
351	9100	45	-0.1462	-212
352	9200	40	-0.1657	-208
353	9300	35	-0.1705	-207
354	9400	30	-0.1900	-202
355	9500	25	-0.1900	-201
356	9600	20	-0.2095	-197
357	9700	15	-0.2144	-195
358	9800	10	-0.2290	-192
359	9900	5	-0.2339	-190
360	10000	0	-0.2485	-186
361	10100	-5	-0.1998	-196
362	10200	-10	-0.1754	-201
363	10300	-15	-0.1510	-206
364	10400	-20	-0.1413	-208
365	10500	-25	-0.1364	-210
366	10600	-30	-0.1218	-213
367	10700	-35	-0.1072	-216
368	10800	-40	-0.1023	-217
369	10900	-45	-0.0926	-219
370	11000	-50	-0.0877	-220
371	11100	-55	-0.0828	-221
372	11200	-60	-0.0731	-223
373	11300	-65	-0.0682	-224
374	11400	-70	-0.0682	-224
375	11500	-75	-0.0585	-226
376	11600	-80	-0.0487	-228
377	11700	-85	-0.0487	-228
378	11800	-90	-0.0439	-229
379	11900	-95	-0.0390	-230
380	12000	-100	-0.0341	-231
381	12100	-105	-0.0341	-231
382	12200	-110	-0.0292	-232
383	12300	-115	-0.0244	-233
384	12400	-120	-0.0244	-233
385	12500	-125	-0.0244	-233
386	12600	-130	-0.0341	-231
387	12700	-135	-0.0487	-228
388	12800	-140	-0.0780	-222
389	12900	-145	-0.1023	-217
390	13000	-150	-0.1267	-213
391	13100	-155	-0.1364	-211
392	13200	-160	-0.1657	-205
393	13300	-165	-0.1803	-202
394	13400	-170	-0.2046	-197
395	13500	-175	-0.2144	-195
396	13600	-180	-0.2485	-188
397	13700	-185	-0.2631	-185
398	13800	-190	-0.2875	-180
399	13900	-195	-0.3118	-175
400	14000	-200	-0.3362	-170
401	14100	-205	-0.3606	-165
402	14200	-210	-0.3752	-162
403	14300	-215	-0.3947	-158
404	14400	-220	-0.4385	-149
405	14500	-225	-0.4580	-145
406	14600	-230	-0.4824	-140
407	14700	-235	-0.5116	-134
408	14800	-240	-0.5408	-128
409	14900	-245	-0.5652	-123
410	15000	-250	-0.5896	-118
411	15100	-255	-0.6139	-113
412	15200	-260	-0.6821	-99
413	15300	-265	-0.6870	-98
414	15400	-270	-0.7357	-88
415	15500	-275	-0.7552	-84
416	15600	-280	-0.8039	-75
417	15700	-285	-0.8332	-69
418	15800	-290	-0.8770	-60
419	15900	-295	-0.9014	-55
420	16000	-300	-0.9550	-44
421	16100	-305	-0.9891	-37
422	16200	-310	-1.0329	-28
423	16300	-315	-1.0670	-21
424	16400	-320	-1.1255	-10
425	16500	-325	-1.1450	-6
426	16600	-330	-1.2083	7
427	16700	-335	-1.2619	18
428	16800	-340	-1.3350	33
429	16900	-345	-1.3789	42
430	17000	-350	-1.4276	52
431	17100	-355	-1.4763	62
432	17200	-360	-1.5494	77
433	17300	-365	-1.5932	86
434	17400	-370	-1.6712	102
435	17500	-375	-1.7199	112
436	17600	-380	-1.8076	130
437	17700	-385	-1.8661	142
438	17800	-390	-1.9197	153
439	17900	-395	-1.9928	168
440	18000	-400	-2.0805	186
441	18100	-405	-2.1146	193
442	18200	-410	-2.2023	211
443	18300	-415	-2.2754	226
444	18400	-420	-2.3777	247
445	18500	-425	-2.4508	262
446	18600	-430	-2.5433	281
447	18700	-435	-2.6116	295
448	18800	-440	-2.7285	319
449	18900	-445	-2.8162	336
450	19000	-450	-2.9039	354
451	19100	-455	-3.0013	374
452	19200	-460	-3.1670	408
453	19300	-465	-3.2645	428
454	19400	-470	-3.3765	451
455	19500	-475	-3.4983	476
456	19600	-480	-3.6591	509
457	19700	-485	-3.7712	532
458	19800	-490	-3.9514	568
459	19900	-495	-4.0879	596
460	20000	-500	-4.3071	641
461	20100	-505	-4.4484	670
462	20200	-510	-4.6384	709
463	20300	-515	-4.8431	751
464	20400	-520	-5.0721	798
465	20500	-525	-5.2621	837
466	20600	-530	-5.5008	886
467	20700	-535	-5.7152	930
468	20800	-540	-5.9978	988
469	20900	-545	-6.2317	1036
470	21000	-550	-6.4802	1087
471	21100	-555	-6.7092	1134
472	21200	-560	-6.9772	1189
473	21300	-565	-7.2062	1236
474	21400	-570	-7.4449	1284
475	21500	-575	-7.6447	1325
476	21600	-580	-7.8931	1376
477	21700	-585	-8.1075	1420
478	21800	-590	-8.3122	1462
479	21900	-595	-8.4730	1495
480	22000	-600	-8.6727	1536
481	22100	-605	-8.8043	1563
482	22200	-610	-8.9504	1593
483	22300	-615	-9.0674	1616
484	22400	-620	-9.2135	1646
485	22500	-625	-9.2964	1663
486	22600	-630	-9.3743	1679
487	22700	-635	-9.4231	1689
488	22800	-640	-9.4864	1702
489	22900	-645	-9.5302	1711
490	23000	-650	-9.5546	1716
491	23100	-655	-9.5497	1714
492	23200	-660	-9.5887	1722
493	23300	-665	-9.5644	1717
494	23400	-670	-9.5449	1713
495	23500	-675	-9.5156	1707
496	23600	-680	-9.4864	1701
497	23700	-685	-9.4328	1690
498	23800	-690	-9.3938	1682
499	23900	-695	-9.3354	1669
500	24000	-700	-9.2866	1659
501	24100	-705	-9.2184	1645
502	24200	-710	-9.1600	1633
503	24300	-715	-9.0820	1617
504	24400	-720	-9.0187	1604
505	24500	-725	-8.9456	1589
506	24600	-730	-8.8822	1575
507	24700	-735	-8.8043	1559
508	24800	-740	-8.7507	1548
509	24900	-745	-8.6776	1533
510	25000	-750	-8.6143	1519
511	25100	-755	-8.5460	1505
512	25200	-760	-8.5168	1499
513	25300	-765	-8.4632	1487
514	25400	-770	-8.4047	1475
515	25500	-775	-8.3609	1466
516	25600	-780	-8.3463	1462
517	25700	-785	-8.2976	1452
518	25800	-790	-8.2634	1445
519	25900	-795	-8.2245	1436
520	26000	-800	-8.2050	1432

Round :	1---------------------------------

521	0	-800	-4.5166	675
522	100	-795	-4.4143	654
523	200	-790	-4.3364	639
524	300	-785	-4.2584	623
525	400	-780	-4.1804	607
526	500	-775	-4.0976	591
527	600	-770	-4.0245	576
528	700	-765	-3.9661	564
529	800	-760	-3.9027	552
530	900	-755	-3.8296	537
531	1000	-750	-3.7712	525
532	1100	-745	-3.7030	512
533	1200	-740	-3.6542	502
534	1300	-735	-3.5860	488
535	1400	-730	-3.5324	477
536	1500	-725	-3.4642	464
537	1600	-720	-3.4106	453
538	1700	-715	-3.3570	442
539	1800	-710	-3.3083	432
540	1900	-705	-3.2547	421
541	2000	-700	-3.2109	412
542	2100	-695	-3.1475	399
543	2200	-690	-3.0988	390
544	2300	-685	-3.0549	381
545	2400	-680	-3.0062	371
546	2500	-675	-2.9526	360
547	2600	-670	-2.9136	352
548	2700	-665	-2.8600	341
549	2800	-660	-2.8259	334
550	2900	-655	-2.7675	322
551	3000	-650	-2.7285	315
552	3100	-645	-2.6846	306
553	3200	-640	-2.6408	297
554	3300	-635	-2.5921	287
555	3400	-630	-2.5482	278
556	3500	-625	-2.5092	270
557	3600	-620	-2.4654	261
558	3700	-615	-2.4215	252
559	3800	-610	-2.3728	243
560	3900	-605	-2.3290	234
561	4000	-600	-2.2949	227
562	4100	-595	-2.2413	216
563	4200	-590	-2.2072	209
564	4300	-585	-2.1536	198
565	4400	-580	-2.1195	191
566	4500	-575	-2.0512	177
567	4600	-570	-2.0171	170
568	4700	-565	-1.9635	160
569	4800	-560	-1.9148	150
570	4900	-555	-1.8564	138
571	5000	-550	-1.8271	132
572	5100	-545	-1.7735	121
573	5200	-540	-1.7199	110
574	5300	-535	-1.6517	96
575	5400	-530	-1.6127	88
576	5500	-525	-1.5543	76
577	5600	-520	-1.5055	66
578	5700	-515	-1.4276	50
579	5800	-510	-1.3837	41
580	5900	-505	-1.3301	30
581	6000	-500	-1.2765	19
582	6100	-495	-1.1986	3
583	6200	-490	-1.1547	-6
584	6300	-485	-1.0865	-19
585	6400	-480	-1.0378	-29
586	6500	-475	-0.9550	-46
587	6600	-470	-0.9014	-57
588	6700	-465	-0.8332	-71
589	6800	-460	-0.7796	-82
590	6900	-455	-0.6821	-102
591	7000	-450	-0.6334	-112
592	7100	-445	-0.5554	-128
593	7200	-440	-0.4824	-142
594	7300	-435	-0.3752	-164
595	7400	-430	-0.2923	-181
596	7500	-425	-0.1998	-200
597	7600	-420	-0.1169	-217
598	7700	-415	0.0292	-247
599	7800	-410	0.1121	-264
600	7900	-405	0.2290	-288
601	8000	-400	0.3411	-311
602	8100	-395	0.4921	-342
603	8200	-390	0.6139	-367
604	8300	-385	0.7698	-399
605	8400	-380	0.8770	-421
606	8500	-375	1.0963	-466
607	8600	-370	1.1888	-485
608	8700	-365	1.3594	-520
609	8800	-360	1.4909	-547
610	8900	-355	1.7102	-592
611	9000	-350	1.8417	-619
612	9100	-345	2.0123	-654
613	9200	-340	2.1243	-677
614	9300	-335	2.3777	-729
615	9400	-330	2.5092	-756
616	9500	-325	2.6993	-795
617	9600	-320	2.8357	-823
618	9700	-315	3.0647	-869
619	9800	-310	3.1914	-895
620	9900	-305	3.4057	-939
621	10000	-300	3.5081	-960
622	10100	-295	3.7858	-1017
623	10200	-290	3.8930	-1039
624	10300	-285	4.0684	-1075
625	10400	-280	4.2194	-1106
626	10500	-275	4.4533	-1153
627	10600	-270	4.6092	-1185
628	10700	-265	4.8236	-1229
629	10800	-260	4.9551	-1256
630	10900	-255	5.3011	-1327
631	11000	-250	5.4083	-1349
632	11100	-245	5.6227	-1393
633	11200	-240	5.7298	-1415
634	11300	-235	5.9540	-1461
635	11400	-230	6.0612	-1483
636	11500	-225	6.2366	-1519
637	11600	-220	6.3632	-1545
638	11700	-215	6.6263	-1599
639	11800	-210	6.7189	-1618
640	11900	-205	6.8261	-1640
641	12000	-200	6.9333	-1662
642	12100	-195	7.1623	-1709
643	12200	-190	7.2013	-1717
644	12300	-185	7.3621	-1750
645	12400	-180	7.4693	-1772
646	12500	-175	7.7080	-1821
647	12600	-170	7.7811	-1836
648	12700	-165	7.9321	-1867
649	12800	-160	8.0393	-1889
650	12900	-155	8.2537	-1933
651	13000	-150	8.3560	-1954
652	13100	-145	8.5509	-1993
653	13200	-140	8.6971	-2023
654	13300	-135	8.9845	-2082
655	13400	-130	9.1307	-2112
656	13500	-125	9.3548	-2158
657	13600	-120	9.5497	-2198
658	13700	-115	9.7739	-2244
659	13800	-110	9.9639	-2283
660	13900	-105	10.1880	-2329
661	14000	-100	10.3829	-2369
662	14100	-95	10.6947	-2433
663	14200	-90	10.8653	-2468
664	14300	-85	11.0894	-2514
665	14400	-80	11.2209	-2541
666	14500	-75	11.1527	-2527
667	14600	-70	10.6509	-2424
668	14700	-65	10.1783	-2327
669	14800	-60	9.7349	-2236
670	14900	-55	9.3354	-2154
671	15000	-50	8.9504	-2075
672	15100	-45	8.6045	-2004
673	15200	-40	8.2927	-1940
674	15300	-35	8.0101	-1882
675	15400	-30	7.7470	-1828
676	15500	-25	7.4985	-1777
677	15600	-20	7.2792	-1731
678	15700	-15	7.0843	-1691
679	15800	-10	6.8846	-1650
680	15900	-5	6.7092	-1614
681	16000	0	6.5386	-1579
682	16100	5	6.6458	-1602
683	16200	10	6.6848	-1611
684	16300	15	6.7530	-1625
685	16400	20	6.7725	-1630
686	16500	25	6.8651	-1649
687	16600	30	6.9089	-1659
688	16700	35	6.9772	-1674
689	16800	40	7.0161	-1682
690	16900	45	7.1233	-1704
691	17000	50	7.1672	-1714
692	17100	55	7.2451	-1730
693	17200	60	7.2841	-1739
694	17300	65	7.4157	-1766
695	17400	70	7.4693	-1777
696	17500	75	7.5472	-1794
697	17600	80	7.5862	-1802
698	17700	85	7.6934	-1824
699	17800	90	7.7519	-1836
700	17900	95	7.8298	-1853
701	18000	100	7.8785	-1863
702	18100	105	8.0101	-1890
703	18200	110	8.0734	-1903
704	18300	115	8.1465	-1919
705	18400	120	8.1952	-1929
706	18500	125	8.3073	-1952
707	18600	130	8.3560	-1963
708	18700	135	8.4340	-1979
709	18800	140	8.4778	-1988
710	18900	145	8.6045	-2015
711	19000	150	8.6484	-2024
712	19100	155	8.7263	-2040
713	19200	160	8.7653	-2049
714	19300	165	8.8579	-2068
715	19400	170	8.9017	-2077
716	19500	175	8.9699	-2091
717	19600	180	9.0089	-2099
718	19700	185	9.0966	-2117
719	19800	190	9.1307	-2125
720	19900	195	9.2038	-2140
721	20000	200	9.2282	-2145
722	20100	205	9.3256	-2165
723	20200	210	9.3548	-2171
724	20300	215	9.4133	-2183
725	20400	220	9.4377	-2189
726	20500	225	9.5351	-2209
727	20600	230	9.5595	-2214
728	20700	235	9.6131	-2225
729	20800	240	9.6228	-2228
730	20900	245	9.6862	-2241
731	21000	250	9.6959	-2243
732	21100	255	9.7300	-2250
733	21200	260	9.7349	-2252
734	21300	265	9.8518	-2276
735	21400	270	9.8567	-2277
736	21500	275	9.8908	-2284
737	21600	280	9.8811	-2283
738	21700	285	9.9395	-2295
739	21800	290	9.9444	-2296
740	21900	295	9.9736	-2302
741	22000	300	9.9639	-2300
742	22100	305	10.0272	-2314
743	22200	310	10.0175	-2312
744	22300	315	10.0370	-2316
745	22400	320	10.0224	-2313
746	22500	325	10.0516	-2320
747	22600	330	10.0321	-2316
748	22700	335	10.0418	-2318
749	22800	340	10.0077	-2312
750	22900	345	10.0516	-2321
751	23000	350	10.0224	-2315
752	23100	355	10.0175	-2315
753	23200	360	9.9785	-2307
754	23300	365	10.0029	-2312
755	23400	370	9.9541	-2303
756	23500	375	9.9346	-2299
757	23600	380	9.8762	-2287
758	23700	385	9.9005	-2293
759	23800	390	9.8323	-2279
760	23900	395	9.7885	-2270
761	24000	400	9.7057	-2253
762	24100	405	9.6618	-2244
763	24200	410	9.5497	-2222
764	24300	415	9.4669	-2205
765	24400	420	9.3354	-2178
766	24500	425	9.2866	-2168
767	24600	430	9.1356	-2138
768	24700	435	9.0235	-2115
769	24800	440	8.8871	-2087
770	24900	445	8.8238	-2074
771	25000	450	8.7166	-2053
772	25100	455	8.6386	-2037
773	25200	460	8.5460	-2018
774	25300	465	8.5509	-2019
775	25400	470	8.4778	-2005
776	25500	475	8.4437	-1998
777	25600	480	8.3901	-1987
778	25700	485	8.3999	-1989
779	25800	490	8.3658	-1983
780	25900	495	8.3658	-1983
781	0	500	8.3511	-1980
782	100	495	7.9175	-1891
783	200	490	7.5131	-1808
784	300	485	7.1769	-1738
785	400	480	6.8164	-1664
786	500	475	6.5338	-1606
787	600	470	6.2317	-1544
788	700	465	5.9783	-1491
789	800	460	5.6665	-1427
790	900	455	5.4472	-1382
791	1000	450	5.2085	-1333
792	1100	445	5.0039	-1290
793	1200	440	4.7603	-1240
794	1300	435	4.5800	-1203
795	1400	430	4.3656	-1159
796	1500	425	4.2048	-1125
797	1600	420	3.9709	-1077
798	1700	415	3.8150	-1045
799	1800	410	3.6542	-1012
800	1900	405	3.5032	-980
801	2000	400	3.3375	-946
802	2100	395	3.2011	-918
803	2200	390	3.0501	-887
804	2300	385	2.9283	-862
805	2400	380	2.7626	-827
806	2500	375	2.6505	-804
807	2600	370	2.5239	-778
808	2700	365	2.4215	-756
809	2800	360	2.2754	-726
810	2900	355	2.1974	-710
811	3000	350	2.0805	-685
812	3100	345	1.9879	-666
813	3200	340	1.8710	-642
814	3300	335	1.7979	-626
815	3400	330	1.7053	-607
816	3500	325	1.6322	-592
817	3600	320	1.5397	-572
818	3700	315	1.4763	-559
819	3800	310	1.3886	-541
820	3900	305	1.3253	-528
821	4000	300	1.2278	-507
822	4100	295	1.1791	-497
823	4200	290	1.1206	-485
824	4300	285	1.0670	-474
825	4400	280	0.9842	-457
826	4500	275	0.9501	-449
827	4600	270	0.8868	-436
828	4700	265	0.8478	-428
829	4800	260	0.7601	-410
830	4900	255	0.7406	-405
831	5000	250	0.6919	-395
832	5100	245	0.6578	-388
833	5200	240	0.6090	-378
834	5300	235	0.5847	-372
835	5400	230	0.5360	-362
836	5500	225	0.5116	-357
837	5600	220	0.4580	-346
838	5700	215	0.4385	-341
839	5800	210	0.4044	-334
840	5900	205	0.3800	-329
841	6000	200	0.3362	-320
842	6100	195	0.3264	-318
843	6200	190	0.2923	-311
844	6300	185	0.2777	-307
845	6400	180	0.2339	-298
846	6500	175	0.2339	-298
847	6600	170	0.2046	-292
848	6700	165	0.1851	-288
849	6800	160	0.1559	-282
850	6900	155	0.1462	-279
851	7000	150	0.1267	-275
852	7100	145	0.1121	-272
853	7200	140	0.0731	-263
854	7300	135	0.0682	-262
855	7400	130	0.0536	-259
856	7500	125	0.0487	-257
857	7600	120	0.0146	-250
858	7700	115	0.0097	-249
859	7800	110	-0.0049	-245
860	7900	105	-0.0195	-242
861	8000	100	-0.0585	-234
862	8100	95	-0.0536	-235
863	8200	90	-0.0682	-231
864	8300	85	-0.0780	-229
865	8400	80	-0.1023	-224
866	8500	75	-0.1023	-224
867	8600	70	-0.1218	-219
868	8700	65	-0.1267	-218
869	8800	60	-0.1608	-211
870	8900	55	-0.1559	-211
871	9000	50	-0.1754	-207
872	9100	45	-0.1754	-206
873	9200	40	-0.2095	-199
874	9300	35	-0.2095	-199
875	9400	30	-0.2193	-196
876	9500	25	-0.2241	-194
877	9600	20	-0.2582	-187
878	9700	15	-0.2534	-187
879	9800	10	-0.2728	-183
880	9900	5	-0.2826	-180
881	10000	0	-0.3118	-173
882	10100	-5	-0.2290	-190
883	10200	-10	-0.1949	-197
884	10300	-15	-0.1705	-202
885	10400	-20	-0.1510	-206
886	10500	-25	-0.1413	-209
887	10600	-30	-0.1267	-212
888	10700	-35	-0.1121	-215
889	10800	-40	-0.1023	-217
890	10900	-45	-0.0926	-219
891	11000	-50	-0.0828	-221
892	11100	-55	-0.0731	-223
893	11200	-60	-0.0682	-224
894	11300	-65	-0.0633	-225
895	11400	-70	-0.0536	-227
896	11500	-75	-0.0487	-228
897	11600	-80	-0.0439	-229
898	11700	-85	-0.0341	-231
899	11800	-90	-0.0292	-232
900	11900	-95	-0.0244	-233
901	12000	-100	-0.0244	-233
902	12100	-105	-0.0195	-234
903	12200	-110	-0.0195	-234
904	12300	-115	-0.0097	-236
905	12400	-120	-0.0097	-236
906	12500	-125	-0.0049	-237
907	12600	-130	-0.0097	-236
908	12700	-135	-0.0097	-236
909	12800	-140	-0.0390	-230
910	12900	-145	-0.0682	-224
911	13000	-150	-0.1072	-217
912	13100	-155	-0.1364	-211
913	13200	-160	-0.1608	-206
914	13300	-165	-0.1803	-202
915	13400	-170	-0.2095	-196
916	13500	-175	-0.2193	-194
917	13600	-180	-0.2777	-182
918	13700	-185	-0.2826	-181
919	13800	-190	-0.3118	-175
920	13900	-195	-0.3313	-171
921	14000	-200	-0.3752	-162
922	14100	-205	-0.3849	-160
923	14200	-210	-0.4239	-152
924	14300	-215	-0.4531	-146
925	14400	-220	-0.5067	-135
926	14500	-225	-0.5311	-130
927	14600	-230	-0.5749	-121
928	14700	-235	-0.5993	-116
929	14800	-240	-0.6480	-106
930	14900	-245	-0.6821	-99
931	15000	-250	-0.7211	-91
932	15100	-255	-0.7455	-86
933	15200	-260	-0.8185	-71
934	15300	-265	-0.8527	-64
935	15400	-270	-0.9063	-53
936	15500	-275	-0.9404	-46
937	15600	-280	-1.0037	-34
938	15700	-285	-1.0475	-25
939	15800	-290	-1.0914	-16
940	15900	-295	-1.1304	-8
941	16000	-300	-1.2230	11
942	16100	-305	-1.2473	16
943	16200	-310	-1.3107	29
944	16300	-315	-1.3545	38
945	16400	-320	-1.4325	53
946	16500	-325	-1.4666	60
947	16600	-330	-1.5348	74
948	16700	-335	-1.5738	82
949	16800	-340	-1.6615	100
950	16900	-345	-1.7199	112
951	17000	-350	-1.7833	125
952	17100	-355	-1.8417	137
953	17200	-360	-1.9148	152
954	17300	-365	-1.9635	162
955	17400	-370	-2.0561	181
956	17500	-375	-2.1048	191
957	17600	-380	-2.2315	217
958	17700	-385	-2.2900	229
959	17800	-390	-2.3728	246
960	17900	-395	-2.4362	259
961	18000	-400	-2.5385	280
962	18100	-405	-2.6164	296
963	18200	-410	-2.7090	315
964	18300	-415	-2.7772	329
965	18400	-420	-2.9136	357
966	18500	-425	-2.9965	374
967	18600	-430	-3.0842	392
968	18700	-435	-3.1719	410
969	18800	-440	-3.3034	437
970	18900	-445	-3.3960	455
971	19000	-450	-3.5081	478
972	19100	-455	-3.6006	497
973	19200	-460	-3.7663	531
974	19300	-465	-3.8394	546
975	19400	-470	-3.9856	576
976	19500	-475	-4.0635	592
977	19600	-480	-4.2146	623
978	19700	-485	-4.3071	642
979	19800	-490	-4.4192	664
980	19900	-495	-4.5410	689
981	20000	-500	-4.7018	722
982	20100	-505	-4.8041	743
983	20200	-510	-4.9259	768
984	20300	-515	-5.0428	792
985	20400	-520	-5.1744	819
986	20500	-525	-5.2816	841
987	20600	-530	-5.4375	873
988	20700	-535	-5.5398	894
989	20800	-540	-5.7055	928
990	20900	-545	-5.8078	949
991	21000	-550	-5.9491	978
992	21100	-555	-6.0612	1001
993	21200	-560	-6.2073	1031
994	21300	-565	-6.3096	1052
995	21400	-570	-6.4217	1074
996	21500	-575	-6.5435	1099
997	21600	-580	-6.6848	1128
998	21700	-585	-6.7823	1148
999	21800	-590	-6.8895	1170
1000	21900	-595	-6.9820	1189
1001	22000	-600	-7.0892	1211
1002	22100	-605	-7.1818	1230
1003	22200	-610	-7.2695	1248
1004	22300	-615	-7.3328	1260
1005	22400	-620	-7.4449	1283
1006	22500	-625	-7.4936	1293
1007	22600	-630	-7.5521	1305
1008	22700	-635	-7.5911	1313
1009	22800	-640	-7.6544	1326
1010	22900	-645	-7.6836	1332
1011	23000	-650	-7.7031	1336
1012	23100	-655	-7.7226	1339
1013	23200	-660	-7.7567	1346
1014	23300	-665	-7.7519	1345
1015	23400	-670	-7.7519	1345
1016	23500	-675	-7.7324	1341
1017	23600	-680	-7.7226	1339
1018	23700	-685	-7.7031	1335
1019	23800	-690	-7.6739	1329
1020	23900	-695	-7.6447	1322
1021	24000	-700	-7.6495	1323
1022	24100	-705	-7.6057	1314
1023	24200	-710	-7.5764	1308
1024	24300	-715	-7.5326	1299
1025	24400	-720	-7.5034	1293
1026	24500	-725	-7.4498	1282
1027	24600	-730	-7.4254	1276
1028	24700	-735	-7.3816	1267
1029	24800	-740	-7.3572	1262
1030	24900	-745	-7.3231	1255
1031	25000	-750	-7.3036	1250
1032	25100	-755	-7.2549	1240
1033	25200	-760	-7.2403	1237
1034	25300	-765	-7.2110	1230
1035	25400	-770	-7.1867	1225
1036	25500	-775	-7.1526	1218
1037	25600	-780	-7.1574	1218
1038	25700	-785	-7.1282	1212
1039	25800	-790	-7.1136	1209
1040	25900	-795	-7.0892	1203
1041	26000	-800	-7.0892	1203
1042	0	-800	-3.8784	544
1043	100	-795	-3.7955	527
1044	200	-790	-3.7224	513
1045	300	-785	-3.6542	499
1046	400	-780	-3.5860	485
1047	500	-775	-3.5081	470
1048	600	-770	-3.4593	460
1049	700	-765	-3.4009	448
1050	800	-760	-3.3424	437
1051	900	-755	-3.2791	424
1052	1000	-750	-3.2303	414
1053	1100	-745	-3.1816	405
1054	1200	-740	-3.1280	394
1055	1300	-735	-3.0744	383
1056	1400	-730	-3.0355	375
1057	1500	-725	-2.9916	367
1058	1600	-720	-2.9429	357
1059	1700	-715	-2.8990	348
1060	1800	-710	-2.8600	340
1061	1900	-705	-2.8113	330
1062	2000	-700	-2.7723	322
1063	2100	-695	-2.7285	313
1064	2200	-690	-2.6846	305
1065	2300	-685	-2.6408	296
1066	2400	-680	-2.6164	291
1067	2500	-675	-2.5677	281
1068	2600	-670	-2.5385	275
1069	2700	-665	-2.4995	267
1070	2800	-660	-2.4556	258
1071	2900	-655	-2.4167	250
1072	3000	-650	-2.3874	245
1073	3100	-645	-2.3485	237
1074	3200	-640	-2.3143	230
1075	3300	-635	-2.2705	221
1076	3400	-630	-2.2461	216
1077	3500	-625	-2.2120	209
1078	3600	-620	-2.1828	203
1079	3700	-615	-2.1341	193
1080	3800	-610	-2.1048	188
1081	3900	-605	-2.0707	181
1082	4000	-600	-2.0366	174
1083	4100	-595	-1.9928	165
1084	4200	-590	-1.9684	160
1085	4300	-585	-1.9294	152
1086	4400	-580	-1.8953	145
1087	4500	-575	-1.8369	133
1088	4600	-570	-1.8076	127
1089	4700	-565	-1.7687	120
1090	4800	-560	-1.7297	112
1091	4900	-555	-1.6809	102
1092	5000	-550	-1.6371	93
1093	5100	-545	-1.5981	85
1094	5200	-540	-1.5640	78
1095	5300	-535	-1.5007	65
1096	5400	-530	-1.4666	58
1097	5500	-525	-1.4081	46
1098	5600	-520	-1.3740	39
1099	5700	-515	-1.3253	29
1100	5800	-510	-1.2814	20
1101	5900	-505	-1.2376	11
1102	6000	-500	-1.1986	3
1103	6100	-495	-1.1352	-10
1104	6200	-490	-1.1060	-16
1105	6300	-485	-1.0573	-25
1106	6400	-480	-1.0086	-35
1107	6500	-475	-0.9598	-45
1108	6600	-470	-0.9404	-49
1109	6700	-465	-0.8819	-61
1110	6800	-460	-0.8527	-67
1111	6900	-455	-0.7796	-82
1112	7000	-450	-0.7357	-91
1113	7100	-445	-0.6919	-100
1114	7200	-440	-0.6334	-111
1115	7300	-435	-0.5457	-129
1116	7400	-430	-0.4970	-139
1117	7500	-425	-0.4190	-155
1118	7600	-420	-0.3508	-169
1119	7700	-415	-0.2144	-197
1120	7800	-410	-0.1413	-212
1121	7900	-405	-0.0439	-232
1122	8000	-400	0.0731	-256
1123	8100	-395	0.2046	-283
1124	8200	-390	0.2923	-301
1125	8300	-385	0.4336	-330
1126	8400	-380	0.5408	-352
1127	8500	-375	0.7552	-396
1128	8600	-370	0.8868	-423
1129	8700	-365	1.0378	-454
1130	8800	-360	1.1596	-479
1131	8900	-355	1.3642	-521
1132	9000	-350	1.5104	-551
1133	9100	-345	1.6907	-588
1134	9200	-340	1.8758	-626
1135	9300	-335	2.0805	-668
1136	9400	-330	2.2461	-702
1137	9500	-325	2.4654	-747
1138	9600	-320	2.6018	-775
1139	9700	-315	2.8308	-821
1140	9800	-310	3.0062	-857
1141	9900	-305	3.1865	-894
1142	10000	-300	3.3327	-924
1143	10100	-295	3.5958	-978
1144	10200	-290	3.6981	-999
1145	10300	-285	3.8979	-1040
1146	10400	-280	4.0586	-1073
1147	10500	-275	4.3169	-1125
1148	10600	-270	4.5020	-1163
1149	10700	-265	4.6872	-1201
1150	10800	-260	4.8772	-1240
1151	10900	-255	5.2329	-1313
1152	11000	-250	5.3888	-1345
1153	11100	-245	5.5593	-1380
1154	11200	-240	5.7006	-1409
1155	11300	-235	5.9296	-1456
1156	11400	-230	6.0904	-1489
1157	11500	-225	6.2317	-1518
1158	11600	-220	6.3779	-1548
1159	11700	-215	6.6117	-1596
1160	11800	-210	6.7092	-1616
1161	11900	-205	6.8895	-1653
1162	12000	-200	6.9674	-1669
1163	12100	-195	7.1818	-1713
1164	12200	-190	7.2597	-1729
1165	12300	-185	7.4205	-1762
1166	12400	-180	7.4839	-1775
1167	12500	-175	7.7031	-1820
1168	12600	-170	7.7860	-1837
1169	12700	-165	7.9662	-1874
1170	12800	-160	8.0832	-1898
1171	12900	-155	8.2781	-1938
1172	13000	-150	8.3999	-1963
1173	13100	-145	8.5801	-1999
1174	13200	-140	8.7604	-2036
1175	13300	-135	8.9943	-2084
1176	13400	-130	9.1307	-2112
1177	13500	-125	9.3061	-2148
1178	13600	-120	9.5156	-2191
1179	13700	-115	9.7398	-2237
1180	13800	-110	9.9054	-2271
1181	13900	-105	10.0759	-2306
1182	14000	-100	10.2465	-2341
1183	14100	-95	10.5534	-2404
1184	14200	-90	10.6899	-2432
1185	14300	-85	10.8994	-2475
1186	14400	-80	10.9968	-2495
1187	14500	-75	10.9432	-2484
1188	14600	-70	10.4657	-2386
1189	14700	-65	10.0175	-2294
1190	14800	-60	9.5790	-2204
1191	14900	-55	9.1843	-2123
1192	15000	-50	8.8189	-2048
1193	15100	-45	8.4827	-1979
1194	15200	-40	8.1660	-1914
1195	15300	-35	7.8834	-1856
1196	15400	-30	7.6154	-1801
1197	15500	-25	7.3718	-1751
1198	15600	-20	7.1574	-1706
1199	15700	-15	6.9430	-1662
1200	15800	-10	6.7530	-1623
1201	15900	-5	6.5679	-1585
1202	16000	0	6.4022	-1551
1203	16100	5	6.4997	-1572
1204	16200	10	6.5338	-1580
1205	16300	15	6.5971	-1593
1206	16400	20	6.6166	-1598
1207	16500	25	6.7092	-1617
1208	16600	30	6.7433	-1625
1209	16700	35	6.7969	-1637
1210	16800	40	6.8212	-1642
1211	16900	45	6.9187	-1662
1212	17000	50	6.9528	-1670
1213	17100	55	7.0259	-1685
1214	17200	60	7.0600	-1693
1215	17300	65	7.1769	-1717
1216	17400	70	7.2256	-1727
1217	17500	75	7.2890	-1741
1218	17600	80	7.3328	-1750
1219	17700	85	7.4352	-1771
1220	17800	90	7.4741	-1779
1221	17900	95	7.5375	-1793
1222	18000	100	7.5813	-1802
1223	18100	105	7.7129	-1829
1224	18200	110	7.7567	-1838
1225	18300	115	7.8249	-1853
1226	18400	120	7.8688	-1862
1227	18500	125	7.9711	-1883
1228	18600	130	8.0101	-1892
1229	18700	135	8.0734	-1905
1230	18800	140	8.1075	-1912
1231	18900	145	8.2196	-1936
1232	19000	150	8.2586	-1944
1233	19100	155	8.3268	-1958
1234	19200	160	8.3511	-1964
1235	19300	165	8.4388	-1982
1236	19400	170	8.4681	-1988
1237	19500	175	8.5168	-1998
1238	19600	180	8.5412	-2003
1239	19700	185	8.6240	-2020
1240	19800	190	8.6484	-2026
1241	19900	195	8.6971	-2036
1242	20000	200	8.7166	-2040
1243	20100	205	8.7897	-2055
1244	20200	210	8.8140	-2060
1245	20300	215	8.8530	-2068
1246	20400	220	8.8481	-2068
1247	20500	225	8.9212	-2083
1248	20600	230	8.9310	-2085
1249	20700	235	8.9602	-2091
1250	20800	240	8.9456	-2089
1251	20900	245	8.9943	-2099
1252	21000	250	8.9894	-2098
1253	21100	255	9.0089	-2102
1254	21200	260	8.9992	-2101
1255	21300	265	9.0771	-2117
1256	21400	270	9.0576	-2113
1257	21500	275	9.0576	-2113
1258	21600	280	9.0235	-2107
1259	21700	285	9.0625	-2115
1260	21800	290	9.0235	-2107
1261	21900	295	9.0138	-2105
1262	22000	300	8.9602	-2094
1263	22100	305	8.9943	-2102
1264	22200	310	8.9456	-2092
1265	22300	315	8.9163	-2086
1266	22400	320	8.8579	-2074
1267	22500	325	8.8335	-2070
1268	22600	330	8.7653	-2056
1269	22700	335	8.7166	-2046
1270	22800	340	8.6337	-2030
1271	22900	345	8.6045	-2024
1272	23000	350	8.5217	-2007
1273	23100	355	8.4535	-1994
1274	23200	360	8.3511	-1973
1275	23300	365	8.3122	-1965
1276	23400	370	8.2050	-1944
1277	23500	375	8.1319	-1929
1278	23600	380	8.0198	-1906
1279	23700	385	7.9906	-1901
1280	23800	390	7.8883	-1880
1281	23900	395	7.8298	-1868
1282	24000	400	7.7372	-1849
1283	24100	405	7.7226	-1846
1284	24200	410	7.6447	-1831
1285	24300	415	7.6154	-1825
1286	24400	420	7.5716	-1816
1287	24500	425	7.6154	-1825
1288	24600	430	7.5667	-1816
1289	24700	435	7.5667	-1816
1290	24800	440	7.5472	-1812
1291	24900	445	7.5862	-1820
1292	25000	450	7.5764	-1819
1293	25100	455	7.5959	-1823
1294	25200	460	7.5959	-1823
1295	25300	465	7.6788	-1840
1296	25400	470	7.6788	-1841
1297	25500	475	7.7129	-1848
1298	25600	480	7.7421	-1854
1299	25700	485	7.8006	-1866
1300	25800	490	7.8201	-1871
1301	25900	495	7.8737	-1882
1302	0	500	7.9029	-1888
1303	100	495	7.5034	-1806
1304	200	490	7.1574	-1735
1305	300	485	6.8505	-1671
1306	400	480	6.5240	-1604
1307	500	475	6.2707	-1552
1308	600	470	5.9978	-1496
1309	700	465	5.7542	-1445
1310	800	460	5.4667	-1386
1311	900	455	5.2670	-1345
1312	1000	450	5.0380	-1298
1313	1100	445	4.8480	-1258
1314	1200	440	4.6092	-1209
1315	1300	435	4.4436	-1175
1316	1400	430	4.2487	-1135
1317	1500	425	4.0879	-1101
1318	1600	420	3.8589	-1054
1319	1700	415	3.7176	-1025
1320	1800	410	3.5617	-993
1321	1900	405	3.4155	-962
1322	2000	400	3.2498	-928
1323	2100	395	3.1232	-902
1324	2200	390	2.9721	-871
1325	2300	385	2.8552	-847
1326	2400	380	2.6944	-813
1327	2500	375	2.5872	-791
1328	2600	370	2.4654	-766
1329	2700	365	2.3631	-744
1330	2800	360	2.2315	-717
1331	2900	355	2.1389	-698
1332	3000	350	2.0366	-676
1333	3100	345	1.9489	-658
1334	3200	340	1.8320	-634
1335	3300	335	1.7589	-618
1336	3400	330	1.6712	-600
1337	3500	325	1.5981	-585
1338	3600	320	1.5055	-565
1339	3700	315	1.4422	-552
1340	3800	310	1.3594	-535
1341	3900	305	1.2960	-522
1342	4000	300	1.1937	-500
1343	4100	295	1.1499	-491
1344	4200	290	1.0865	-478
1345	4300	285	1.0329	-467
1346	4400	280	0.9452	-449
1347	4500	275	0.9160	-442
1348	4600	270	0.8527	-429
1349	4700	265	0.8137	-421
1350	4800	260	0.7357	-405
1351	4900	255	0.7065	-398
1352	5000	250	0.6626	-389
1353	5100	245	0.6285	-382
1354	5200	240	0.5701	-370
1355	5300	235	0.5506	-365
1356	5400	230	0.5018	-355
1357	5500	225	0.4726	-349
1358	5600	220	0.4141	-337
1359	5700	215	0.4093	-335
1360	5800	210	0.3703	-327
1361	5900	205	0.3459	-322
1362	6000	200	0.3021	-313
1363	6100	195	0.2923	-311
1364	6200	190	0.2582	-304
1365	6300	185	0.2387	-299
1366	6400	180	0.1998	-291
1367	6500	175	0.1900	-289
1368	6600	170	0.1608	-283
1369	6700	165	0.1462	-280
1370	6800	160	0.1121	-273
1371	6900	155	0.1072	-271
1372	7000	150	0.0877	-267
1373	7100	145	0.0731	-264
1374	7200	140	0.0341	-255
1375	7300	135	0.0292	-254
1376	7400	130	0.0097	-250
1377	7500	125	0.0049	-248
1378	7600	120	-0.0292	-241
1379	7700	115	-0.0341	-240
1380	7800	110	-0.0536	-235
1381	7900	105	-0.0633	-233
1382	8000	100	-0.1023	-225
1383	8100	95	-0.0974	-226
1384	8200	90	-0.1121	-222
1385	8300	85	-0.1169	-221
1386	8400	80	-0.1413	-216
1387	8500	75	-0.1510	-214
1388	8600	70	-0.1608	-211
1389	8700	65	-0.1705	-209
1390	8800	60	-0.2046	-202
1391	8900	55	-0.1998	-202
1392	9000	50	-0.2144	-199
1393	9100	45	-0.2241	-196
1394	9200	40	-0.2485	-191
1395	9300	35	-0.2436	-192
1396	9400	30	-0.2582	-188
1397	9500	25	-0.2680	-185
1398	9600	20	-0.3021	-178
1399	9700	15	-0.2972	-178
1400	9800	10	-0.3216	-173
1401	9900	5	-0.3216	-172
1402	10000	0	-0.3459	-166
1403	10100	-5	-0.2680	-182
1404	10200	-10	-0.2339	-189
1405	10300	-15	-0.2046	-195
1406	10400	-20	-0.1803	-200
1407	10500	-25	-0.1705	-203
1408	10600	-30	-0.1510	-207
1409	10700	-35	-0.1413	-209
1410	10800	-40	-0.1267	-212
1411	10900	-45	-0.1121	-215
1412	11000	-50	-0.1072	-216
1413	11100	-55	-0.0974	-218
1414	11200	-60	-0.0926	-219
1415	11300	-65	-0.0828	-221
1416	11400	-70	-0.0731	-223
1417	11500	-75	-0.0682	-224
1418	11600	-80	-0.0682	-224
1419	11700	-85	-0.0585	-226
1420	11800	-90	-0.0536	-227
1421	11900	-95	-0.0487	-228
1422	12000	-100	-0.0390	-230
1423	12100	-105	-0.0390	-230
1424	12200	-110	-0.0341	-231
1425	12300	-115	-0.0341	-231
1426	12400	-120	-0.0292	-232
1427	12500	-125	-0.0292	-232
1428	12600	-130	-0.0341	-231
1429	12700	-135	-0.0536	-227
1430	12800	-140	-0.1023	-217
1431	12900	-145	-0.1267	-212
1432	13000	-150	-0.1657	-205
1433	13100	-155	-0.2046	-197
1434	13200	-160	-0.2290	-192
1435	13300	-165	-0.2436	-189
1436	13400	-170	-0.2631	-185
1437	13500	-175	-0.2923	-179
1438	13600	-180	-0.3411	-169
1439	13700	-185	-0.3654	-164
1440	13800	-190	-0.3947	-158
1441	13900	-195	-0.4141	-154
1442	14000	-200	-0.4531	-146
1443	14100	-205	-0.4775	-141
1444	14200	-210	-0.5116	-134
1445	14300	-215	-0.5457	-127
1446	14400	-220	-0.6139	-113
1447	14500	-225	-0.6285	-110
1448	14600	-230	-0.6578	-104
1449	14700	-235	-0.7065	-94
1450	14800	-240	-0.7503	-85
1451	14900	-245	-0.7796	-79
1452	15000	-250	-0.8234	-70
1453	15100	-255	-0.8478	-65
1454	15200	-260	-0.9452	-45
1455	15300	-265	-0.9501	-44
1456	15400	-270	-0.9940	-35
1457	15500	-275	-1.0281	-28
1458	15600	-280	-1.1206	-10
1459	15700	-285	-1.1499	-4
1460	15800	-290	-1.2035	7
1461	15900	-295	-1.2424	15
1462	16000	-300	-1.3155	30
1463	16100	-305	-1.3594	39
1464	16200	-310	-1.4178	51
1465	16300	-315	-1.4666	61
1466	16400	-320	-1.5348	74
1467	16500	-325	-1.5738	82
1468	16600	-330	-1.6176	91
1469	16700	-335	-1.6858	105
1470	16800	-340	-1.7735	123
1471	16900	-345	-1.7930	127
1472	17000	-350	-1.8807	145
1473	17100	-355	-1.9294	155
1474	17200	-360	-2.0074	171
1475	17300	-365	-2.0707	184
1476	17400	-370	-2.1389	198
1477	17500	-375	-2.1877	208
1478	17600	-380	-2.3046	232
1479	17700	-385	-2.3485	241
1480	17800	-390	-2.4167	255
1481	17900	-395	-2.4995	272
1482	18000	-400	-2.6018	293
1483	18100	-405	-2.6603	305
1484	18200	-410	-2.7675	327
1485	18300	-415	-2.8406	342
1486	18400	-420	-2.9575	366
1487	18500	-425	-3.0403	383
1488	18600	-430	-3.1524	406
1489	18700	-435	-3.2498	426
1490	18800	-440	-3.3716	451
1491	18900	-445	-3.4788	472
1492	19000	-450	-3.5958	496
1493	19100	-455	-3.6932	516
1494	19200	-460	-3.8735	553
1495	19300	-465	-3.9709	573
1496	19400	-470	-4.0927	598
1497	19500	-475	-4.1853	617
1498	19600	-480	-4.3364	648
1499	19700	-485	-4.4387	669
1500	19800	-490	-4.5654	694
1501	19900	-495	-4.6531	712
1502	20000	-500	-4.8236	747
1503	20100	-505	-4.9405	771
1504	20200	-510	-5.0428	792
1505	20300	-515	-5.1549	815
1506	20400	-520	-5.2962	844
1507	20500	-525	-5.3839	862
1508	20600	-530	-5.4862	883
1509	20700	-535	-5.5788	902
1510	20800	-540	-5.7250	932
1511	20900	-545	-5.8078	949
1512	21000	-550	-5.9004	968
1513	21100	-555	-5.9686	982
1514	21200	-560	-6.0563	1000
1515	21300	-565	-6.1001	1009
1516	21400	-570	-6.1878	1026
1517	21500	-575	-6.2268	1034
1518	21600	-580	-6.2999	1049
1519	21700	-585	-6.3291	1055
1520	21800	-590	-6.3632	1062
1521	21900	-595	-6.3779	1065
1522	22000	-600	-6.4120	1072
1523	22100	-605	-6.4217	1074
1524	22200	-610	-6.4412	1078
1525	22300	-615	-6.4363	1076
1526	22400	-620	-6.4607	1081
1527	22500	-625	-6.4558	1080
1528	22600	-630	-6.4461	1078
1529	22700	-635	-6.4266	1074
1530	22800	-640	-6.4217	1073
1531	22900	-645	-6.3973	1068
1532	23000	-650	-6.3876	1066
1533	23100	-655	-6.3535	1058
1534	23200	-660	-6.3535	1058
1535	23300	-665	-6.3243	1052
1536	23400	-670	-6.2950	1046
1537	23500	-675	-6.2707	1041
1538	23600	-680	-6.2512	1037
1539	23700	-685	-6.2122	1029
1540	23800	-690	-6.1976	1026
1541	23900	-695	-6.1586	1017
1542	24000	-700	-6.1537	1016
1543	24100	-705	-6.1245	1010
1544	24200	-710	-6.1001	1005
1545	24300	-715	-6.0709	999
1546	24400	-720	-6.0465	994
1547	24500	-725	-6.0271	990
1548	24600	-730	-5.9978	983
1549	24700	-735	-5.9783	979
1550	24800	-740	-5.9783	979
1551	24900	-745	-5.9491	973
1552	25000	-750	-5.9442	971
1553	25100	-755	-5.9247	967
1554	25200	-760	-5.9150	965
1555	25300	-765	-5.9004	961
1556	25400	-770	-5.9004	961
1557	25500	-775	-5.8858	958
1558	25600	-780	-5.9004	960
1559	25700	-785	-5.8906	958
1560	25800	-790	-5.8858	957
1561	25900	-795	-5.8809	955
1562	26000	-800	-5.8906	957