File : 		4.7_5_1
UID : 		394804000a4ffa

Setting
Strip Type : 		customise
Current Range : 		20.0		uA
Sweep Rate : 		0.05		Vps
Step size : 		5		mV
Step time : 		100		ms
V Start : 		-0.8		V
V Mid : 		0.5		V
V End : 		-0.8		V
Loop : 		3
Next time to scan : 		5

Offset
index 	 I (uA) 	 HEX 
0	-800	-249
1	-758	-248
2	-716	-247
3	-674	-245
4	-632	-244
5	-590	-244
6	-548	-243
7	-506	-243
8	-465	-243
9	-423	-242
10	-381	-241
11	-339	-241
12	-297	-240
13	-255	-240
14	-213	-240
15	-171	-239
16	-129	-239
17	-87	-239
18	-45	-238
19	-3	-238
20	39	-243
21	81	-245
22	123	-248
23	165	-250
24	206	-252
25	248	-254
26	290	-256
27	332	-259
28	374	-261
29	416	-263
30	458	-265
31	500	-267

Conversion
index 	 sampling time(ms) 	 V (mV) 	 I(uA) 	 HEX 
0	0	-800	-13.9494	2614
1	100	-795	-13.4330	2508
2	200	-790	-12.9652	2412
3	300	-785	-13.9689	2618
4	400	-780	-14.3002	2686
5	500	-775	-14.0176	2629
6	600	-770	-13.7204	2568
7	700	-765	-13.4037	2503
8	800	-760	-13.0822	2437
9	900	-755	-12.7119	2361
10	1000	-750	-12.3952	2296
11	1100	-745	-12.0541	2226
12	1200	-740	-11.7813	2170
13	1300	-735	-11.4451	2102
14	1400	-730	-11.1966	2051
15	1500	-725	-10.9773	2006
16	1600	-720	-10.9335	1997
17	1700	-715	-10.8019	1970
18	1800	-710	-10.6460	1938
19	1900	-705	-10.4316	1895
20	2000	-700	-10.7191	1954
21	2100	-695	-10.8604	1983
22	2200	-690	-10.9773	2007
23	2300	-685	-10.9189	1995
24	2400	-680	-10.6947	1950
25	2500	-675	-10.1685	1842
26	2600	-670	-9.7836	1763
27	2700	-665	-9.2135	1646
28	2800	-660	-8.7409	1549
29	2900	-655	-8.0052	1398
30	3000	-650	-7.3523	1265
31	3100	-645	-6.6117	1113
32	3200	-640	-5.8565	958
33	3300	-635	-5.0428	791
34	3400	-630	-4.3607	651
35	3500	-625	-3.6250	500
36	3600	-620	-3.1183	396
37	3700	-615	-2.3582	240
38	3800	-610	-2.1195	191
39	3900	-605	-1.8758	141
40	4000	-600	-1.7784	121
41	4100	-595	-1.6663	98
42	4200	-590	-1.8612	138
43	4300	-585	-2.0951	186
44	4400	-580	-2.4118	251
45	4500	-575	-2.6895	308
46	4600	-570	-3.0501	382
47	4700	-565	-3.2498	424
48	4800	-560	-3.4106	457
49	4900	-555	-3.4496	465
50	5000	-550	-3.4642	468
51	5100	-545	-3.4252	460
52	5200	-540	-3.3814	451
53	5300	-535	-3.2255	419
54	5400	-530	-3.1329	400
55	5500	-525	-3.0452	382
56	5600	-520	-2.9039	353
57	5700	-515	-2.7041	312
58	5800	-510	-2.5726	285
59	5900	-505	-2.4459	259
60	6000	-500	-2.3387	237
61	6100	-495	-2.2120	211
62	6200	-490	-2.0951	187
63	6300	-485	-1.9782	163
64	6400	-480	-1.8710	141
65	6500	-475	-1.7345	113
66	6600	-470	-1.6127	88
67	6700	-465	-1.5153	68
68	6800	-460	-1.3935	43
69	6900	-455	-1.1742	-2
70	7000	-450	-1.1304	-11
71	7100	-445	-0.9793	-42
72	7200	-440	-0.8624	-65
73	7300	-435	-0.6578	-107
74	7400	-430	-0.4824	-143
75	7500	-425	-0.2777	-185
76	7600	-420	-0.0487	-232
77	7700	-415	0.3654	-317
78	7800	-410	0.6919	-384
79	7900	-405	1.0281	-453
80	8000	-400	1.3984	-528
81	8100	-395	1.9587	-643
82	8200	-390	2.5336	-761
83	8300	-385	3.1719	-892
84	8400	-380	3.8930	-1040
85	8500	-375	5.1793	-1304
86	8600	-370	6.1830	-1510
87	8700	-365	7.4400	-1768
88	8800	-360	8.7409	-2035
89	8900	-355	10.5778	-2412
90	9000	-350	11.8251	-2668
91	9100	-345	13.8033	-3074
92	9200	-340	15.6206	-3447
93	9300	-335	18.0422	-3944
94	9400	-330	20.0009	-4346
95	9500	-325	21.6087	-4676
96	9600	-320	22.9583	-4953
97	9700	-315	24.8147	-5333
98	9800	-310	25.8233	-5540
99	9900	-305	26.5687	-5693
100	10000	-300	26.8026	-5741
101	10100	-295	26.8806	-5757
102	10200	-290	26.8854	-5758
103	10300	-285	26.8806	-5757
104	10400	-280	26.8854	-5758
105	10500	-275	26.8757	-5756
106	10600	-270	26.8806	-5757
107	10700	-265	26.8854	-5758
108	10800	-260	26.8806	-5757
109	10900	-255	26.8806	-5757
110	11000	-250	26.8806	-5757
111	11100	-245	26.8806	-5757
112	11200	-240	26.8854	-5758
113	11300	-235	26.8854	-5758
114	11400	-230	26.8172	-5744
115	11500	-225	26.6028	-5700
116	11600	-220	26.1448	-5606
117	11700	-215	25.8476	-5545
118	11800	-210	24.9121	-5353
119	11900	-205	24.3080	-5229
120	12000	-200	23.4407	-5051
121	12100	-195	22.8317	-4926
122	12200	-190	21.8134	-4716
123	12300	-185	21.1215	-4574
124	12400	-180	20.3419	-4414
125	12500	-175	19.7183	-4286
126	12600	-170	18.9095	-4120
127	12700	-165	18.1737	-3969
128	12800	-160	17.4478	-3820
129	12900	-155	16.8144	-3690
130	13000	-150	16.1907	-3562
131	13100	-145	15.6353	-3448
132	13200	-140	15.1188	-3342
133	13300	-135	14.6608	-3248
134	13400	-130	14.2174	-3157
135	13500	-125	13.8081	-3073
136	13600	-120	13.4427	-2998
137	13700	-115	13.1065	-2929
138	13800	-110	12.7752	-2861
139	13900	-105	12.4829	-2801
140	14000	-100	12.2149	-2746
141	14100	-95	11.9420	-2690
142	14200	-90	11.7033	-2641
143	14300	-85	11.4792	-2595
144	14400	-80	11.2599	-2550
145	14500	-75	11.0553	-2508
146	14600	-70	10.8799	-2472
147	14700	-65	10.6947	-2433
148	14800	-60	10.5291	-2399
149	14900	-55	10.3732	-2367
150	15000	-50	10.2172	-2335
151	15100	-45	10.0662	-2304
152	15200	-40	9.9493	-2280
153	15300	-35	9.8275	-2255
154	15400	-30	9.7008	-2229
155	15500	-25	9.5790	-2204
156	15600	-20	9.4669	-2181
157	15700	-15	9.3597	-2159
158	15800	-10	9.2574	-2138
159	15900	-5	9.1453	-2115
160	16000	0	9.0576	-2097
161	16100	5	9.4377	-2176
162	16200	10	9.6472	-2220
163	16300	15	9.9005	-2272
164	16400	20	10.0759	-2309
165	16500	25	10.3634	-2368
166	16600	30	10.5486	-2407
167	16700	35	10.7776	-2455
168	16800	40	10.9286	-2486
169	16900	45	11.2502	-2552
170	17000	50	11.4207	-2588
171	17100	55	11.6692	-2639
172	17200	60	11.8543	-2677
173	17300	65	12.2295	-2754
174	17400	70	12.4244	-2794
175	17500	75	12.7021	-2852
176	17600	80	12.9116	-2895
177	17700	85	13.2722	-2969
178	17800	90	13.5109	-3019
179	17900	95	13.8276	-3084
180	18000	100	14.0664	-3133
181	18100	105	14.5439	-3232
182	18200	110	14.7582	-3276
183	18300	115	15.0993	-3346
184	18400	120	15.3429	-3397
185	18500	125	15.7766	-3486
186	18600	130	16.0250	-3537
187	18700	135	16.3564	-3606
188	18800	140	16.6000	-3656
189	18900	145	17.0970	-3758
190	19000	150	17.3406	-3808
191	19100	155	17.6816	-3879
192	19200	160	17.8814	-3920
193	19300	165	18.2566	-3997
194	19400	170	18.4563	-4038
195	19500	175	18.7487	-4098
196	19600	180	18.9289	-4136
197	19700	185	19.2797	-4208
198	19800	190	19.4552	-4244
199	19900	195	19.7183	-4298
200	20000	200	19.8693	-4330
201	20100	205	20.2006	-4398
202	20200	210	20.2932	-4417
203	20300	215	20.4686	-4453
204	20400	220	20.5563	-4472
205	20500	225	20.8681	-4536
206	20600	230	20.9315	-4549
207	20700	235	21.0922	-4582
208	20800	240	21.0922	-4583
209	20900	245	21.2920	-4624
210	21000	250	21.2920	-4624
211	21100	255	21.3748	-4641
212	21200	260	21.3359	-4634
213	21300	265	21.6379	-4696
214	21400	270	21.5649	-4681
215	21500	275	21.5844	-4685
216	21600	280	21.5161	-4672
217	21700	285	21.6428	-4698
218	21800	290	21.5892	-4687
219	21900	295	21.5356	-4676
220	22000	300	21.4236	-4654
221	22100	305	21.6038	-4691
222	22200	310	21.4772	-4665
223	22300	315	21.4382	-4658
224	22400	320	21.2969	-4629
225	22500	325	21.3602	-4643
226	22600	330	21.2189	-4614
227	22700	335	21.1751	-4605
228	22800	340	21.0728	-4584
229	22900	345	21.1410	-4599
230	23000	350	21.0728	-4585
231	23100	355	21.0679	-4584
232	23200	360	20.9461	-4559
233	23300	365	21.0289	-4577
234	23400	370	20.9168	-4554
235	23500	375	20.9022	-4551
236	23600	380	20.7902	-4528
237	23700	385	20.9315	-4558
238	23800	390	20.7950	-4530
239	23900	395	20.7804	-4527
240	24000	400	20.6537	-4501
241	24100	405	20.6537	-4501
242	24200	410	20.5124	-4473
243	24300	415	20.4540	-4461
244	24400	420	20.2250	-4414
245	24500	425	20.2981	-4429
246	24600	430	20.0593	-4381
247	24700	435	19.9424	-4357
248	24800	440	19.6842	-4304
249	24900	445	19.6111	-4289
250	25000	450	19.3382	-4234
251	25100	455	19.1823	-4202
252	25200	460	18.9143	-4147
253	25300	465	18.8900	-4142
254	25400	470	18.6220	-4088
255	25500	475	18.4173	-4046
256	25600	480	18.1689	-3995
257	25700	485	18.0324	-3967
258	25800	490	17.7839	-3917
259	25900	495	17.5939	-3878
260	0	500	17.3795	-3834
261	100	495	16.1079	-3573
262	200	490	15.1285	-3372
263	300	485	14.4854	-3239
264	400	480	13.8081	-3100
265	500	475	13.3648	-3009
266	600	470	12.8775	-2909
267	700	465	12.5267	-2836
268	800	460	12.0541	-2739
269	900	455	11.7861	-2684
270	1000	450	11.4597	-2617
271	1100	445	11.2209	-2567
272	1200	440	10.8750	-2496
273	1300	435	10.6752	-2455
274	1400	430	10.3926	-2397
275	1500	425	10.2270	-2362
276	1600	420	9.8421	-2283
277	1700	415	9.7398	-2262
278	1800	410	9.5059	-2214
279	1900	405	9.3256	-2176
280	2000	400	9.0528	-2120
281	2100	395	8.8968	-2088
282	2200	390	8.6532	-2038
283	2300	385	8.4827	-2003
284	2400	380	8.1904	-1942
285	2500	375	8.0491	-1913
286	2600	370	7.8347	-1869
287	2700	365	7.6593	-1833
288	2800	360	7.3767	-1774
289	2900	355	7.2403	-1746
290	3000	350	7.0015	-1697
291	3100	345	6.8115	-1658
292	3200	340	6.5825	-1610
293	3300	335	6.4120	-1575
294	3400	330	6.2025	-1532
295	3500	325	6.0368	-1498
296	3600	320	5.7981	-1448
297	3700	315	5.6324	-1414
298	3800	310	5.4326	-1372
299	3900	305	5.2816	-1341
300	4000	300	5.0087	-1285
301	4100	295	4.9113	-1264
302	4200	290	4.6872	-1218
303	4300	285	4.5605	-1192
304	4400	280	4.3217	-1143
305	4500	275	4.1756	-1112
306	4600	270	4.0148	-1079
307	4700	265	3.8881	-1053
308	4800	260	3.6201	-998
309	4900	255	3.5519	-983
310	5000	250	3.3960	-951
311	5100	245	3.2547	-922
312	5200	240	3.0696	-884
313	5300	235	2.9916	-867
314	5400	230	2.8308	-834
315	5500	225	2.7480	-817
316	5600	220	2.5239	-771
317	5700	215	2.4703	-759
318	5800	210	2.3533	-735
319	5900	205	2.2510	-714
320	6000	200	2.0854	-680
321	6100	195	2.0220	-666
322	6200	190	1.9197	-645
323	6300	185	1.8466	-630
324	6400	180	1.6907	-598
325	6500	175	1.6566	-590
326	6600	170	1.5689	-572
327	6700	165	1.4909	-556
328	6800	160	1.3740	-532
329	6900	155	1.3204	-521
330	7000	150	1.2571	-507
331	7100	145	1.1937	-494
332	7200	140	1.0768	-470
333	7300	135	1.0670	-468
334	7400	130	1.0183	-457
335	7500	125	0.9745	-448
336	7600	120	0.8770	-428
337	7700	115	0.8624	-424
338	7800	110	0.8185	-415
339	7900	105	0.7747	-406
340	8000	100	0.7016	-390
341	8100	95	0.7065	-391
342	8200	90	0.6529	-380
343	8300	85	0.6529	-379
344	8400	80	0.5896	-366
345	8500	75	0.5701	-362
346	8600	70	0.5408	-355
347	8700	65	0.5408	-355
348	8800	60	0.4775	-342
349	8900	55	0.4872	-344
350	9000	50	0.4629	-339
351	9100	45	0.4434	-334
352	9200	40	0.4044	-326
353	9300	35	0.3947	-324
354	9400	30	0.3947	-323
355	9500	25	0.3800	-319
356	9600	20	0.3411	-311
357	9700	15	0.3411	-310
358	9800	10	0.3216	-306
359	9900	5	0.3118	-303
360	10000	0	0.2826	-296
361	10100	-5	0.3606	-312
362	10200	-10	0.3800	-316
363	10300	-15	0.3995	-320
364	10400	-20	0.4044	-321
365	10500	-25	0.4141	-323
366	10600	-30	0.4093	-322
367	10700	-35	0.3849	-317
368	10800	-40	0.3362	-307
369	10900	-45	0.3508	-310
370	11000	-50	0.3167	-303
371	11100	-55	0.2728	-294
372	11200	-60	0.2436	-288
373	11300	-65	0.2387	-287
374	11400	-70	0.1754	-275
375	11500	-75	0.1851	-277
376	11600	-80	0.1462	-269
377	11700	-85	0.1559	-271
378	11800	-90	0.1169	-263
379	11900	-95	0.1218	-264
380	12000	-100	0.1072	-261
381	12100	-105	0.0780	-255
382	12200	-110	0.0731	-254
383	12300	-115	0.0390	-247
384	12400	-120	0.0195	-243
385	12500	-125	-0.0049	-238
386	12600	-130	-0.0292	-233
387	12700	-135	-0.0585	-227
388	12800	-140	-0.1169	-215
389	12900	-145	-0.1121	-216
390	13000	-150	-0.1657	-205
391	13100	-155	-0.1705	-204
392	13200	-160	-0.2046	-197
393	13300	-165	-0.2046	-197
394	13400	-170	-0.2046	-197
395	13500	-175	-0.1900	-200
396	13600	-180	-0.2046	-197
397	13700	-185	-0.2095	-196
398	13800	-190	-0.2095	-196
399	13900	-195	-0.1851	-202
400	14000	-200	-0.2046	-198
401	14100	-205	-0.2046	-198
402	14200	-210	-0.2144	-196
403	14300	-215	-0.1900	-201
404	14400	-220	-0.2095	-197
405	14500	-225	-0.1949	-200
406	14600	-230	-0.2095	-197
407	14700	-235	-0.1900	-201
408	14800	-240	-0.1998	-199
409	14900	-245	-0.1949	-200
410	15000	-250	-0.1949	-200
411	15100	-255	-0.1851	-202
412	15200	-260	-0.2046	-198
413	15300	-265	-0.1900	-201
414	15400	-270	-0.1998	-199
415	15500	-275	-0.1998	-199
416	15600	-280	-0.1998	-199
417	15700	-285	-0.2046	-198
418	15800	-290	-0.1998	-199
419	15900	-295	-0.1998	-199
420	16000	-300	-0.2095	-197
421	16100	-305	-0.2144	-196
422	16200	-310	-0.2193	-195
423	16300	-315	-0.2241	-194
424	16400	-320	-0.2339	-193
425	16500	-325	-0.2387	-192
426	16600	-330	-0.2436	-191
427	16700	-335	-0.2485	-190
428	16800	-340	-0.2728	-185
429	16900	-345	-0.2826	-183
430	17000	-350	-0.2875	-182
431	17100	-355	-0.3021	-179
432	17200	-360	-0.3167	-176
433	17300	-365	-0.3362	-172
434	17400	-370	-0.3313	-173
435	17500	-375	-0.3654	-166
436	17600	-380	-0.3995	-159
437	17700	-385	-0.4385	-151
438	17800	-390	-0.4726	-144
439	17900	-395	-0.4970	-139
440	18000	-400	-0.5652	-125
441	18100	-405	-0.6139	-116
442	18200	-410	-0.6675	-105
443	18300	-415	-0.7406	-90
444	18400	-420	-0.8380	-70
445	18500	-425	-0.9257	-52
446	18600	-430	-1.0232	-32
447	18700	-435	-1.1206	-12
448	18800	-440	-1.2960	24
449	18900	-445	-1.4373	52
450	19000	-450	-1.5543	76
451	19100	-455	-1.7151	109
452	19200	-460	-1.9148	150
453	19300	-465	-2.0464	177
454	19400	-470	-2.2315	215
455	19500	-475	-2.3631	242
456	19600	-480	-2.5677	284
457	19700	-485	-2.7431	320
458	19800	-490	-2.9039	353
459	19900	-495	-3.0452	382
460	20000	-500	-3.2888	432
461	20100	-505	-3.4350	462
462	20200	-510	-3.6640	509
463	20300	-515	-3.8443	546
464	20400	-520	-4.0830	595
465	20500	-525	-4.2633	632
466	20600	-530	-4.5118	683
467	20700	-535	-4.7261	727
468	20800	-540	-5.0380	791
469	20900	-545	-5.2572	836
470	21000	-550	-5.5106	888
471	21100	-555	-5.7786	943
472	21200	-560	-6.0953	1008
473	21300	-565	-6.3681	1064
474	21400	-570	-6.6946	1130
475	21500	-575	-6.9820	1189
476	21600	-580	-7.4157	1278
477	21700	-585	-7.7519	1347
478	21800	-590	-8.1270	1424
479	21900	-595	-8.4973	1500
480	22000	-600	-8.9797	1599
481	22100	-605	-9.4133	1688
482	22200	-610	-9.9249	1793
483	22300	-615	-10.3293	1876
484	22400	-620	-11.0455	2023
485	22500	-625	-11.5425	2125
486	22600	-630	-12.1223	2244
487	22700	-635	-12.5754	2337
488	22800	-640	-13.1796	2461
489	22900	-645	-13.6230	2552
490	23000	-650	-14.0664	2643
491	23100	-655	-14.3100	2692
492	23200	-660	-14.7339	2779
493	23300	-665	-14.9239	2818
494	23400	-670	-15.0847	2851
495	23500	-675	-15.0749	2849
496	23600	-680	-15.1773	2870
497	23700	-685	-15.0944	2852
498	23800	-690	-14.9824	2829
499	23900	-695	-14.8752	2807
500	24000	-700	-14.8654	2805
501	24100	-705	-14.7388	2779
502	24200	-710	-14.6413	2758
503	24300	-715	-14.5390	2737
504	24400	-720	-14.5244	2734
505	24500	-725	-14.4610	2721
506	24600	-730	-14.4562	2720
507	24700	-735	-14.4805	2725
508	24800	-740	-14.6754	2764
509	24900	-745	-14.8703	2804
510	25000	-750	-15.2162	2875
511	25100	-755	-15.5963	2953
512	25200	-760	-16.2199	3081
513	25300	-765	-16.7608	3192
514	25400	-770	-17.3893	3321
515	25500	-775	-18.0714	3461
516	25600	-780	-18.8753	3625
517	25700	-785	-19.4893	3751
518	25800	-790	-20.2250	3902
519	25900	-795	-20.9071	4042
520	26000	-800	-21.6672	4198

Round :	1---------------------------------

521	0	-800	-15.0360	2837
522	100	-795	-14.5633	2740
523	200	-790	-14.2125	2668
524	300	-785	-13.8812	2600
525	400	-780	-13.5645	2535
526	500	-775	-13.1455	2450
527	600	-770	-12.8678	2393
528	700	-765	-12.5316	2324
529	800	-760	-12.2831	2273
530	900	-755	-11.9567	2206
531	1000	-750	-11.6741	2148
532	1100	-745	-11.3476	2081
533	1200	-740	-11.0943	2029
534	1300	-735	-10.7873	1967
535	1400	-730	-10.5486	1918
536	1500	-725	-10.2806	1863
537	1600	-720	-10.0808	1822
538	1700	-715	-9.8518	1775
539	1800	-710	-9.6472	1733
540	1900	-705	-9.4572	1695
541	2000	-700	-9.2866	1660
542	2100	-695	-9.0576	1613
543	2200	-690	-8.8822	1577
544	2300	-685	-8.7214	1544
545	2400	-680	-8.5948	1519
546	2500	-675	-8.3609	1471
547	2600	-670	-8.1952	1437
548	2700	-665	-7.9273	1382
549	2800	-660	-7.7324	1342
550	2900	-655	-7.3377	1261
551	3000	-650	-7.0161	1196
552	3100	-645	-6.4461	1079
553	3200	-640	-6.0173	991
554	3300	-635	-5.2865	841
555	3400	-630	-4.6433	709
556	3500	-625	-3.7760	531
557	3600	-620	-2.9136	354
558	3700	-615	-1.5202	68
559	3800	-610	-0.6724	-106
560	3900	-605	0.4531	-337
561	4000	-600	1.4032	-532
562	4100	-595	2.3874	-734
563	4200	-590	3.1767	-896
564	4300	-585	3.9368	-1052
565	4400	-580	4.5215	-1172
566	4500	-575	5.5008	-1373
567	4600	-570	5.6129	-1396
568	4700	-565	5.7201	-1417
569	4800	-560	5.4424	-1360
570	4900	-555	4.9844	-1266
571	5000	-550	4.0586	-1076
572	5100	-545	3.2352	-907
573	5200	-540	2.3290	-721
574	5300	-535	1.7394	-600
575	5400	-530	1.0183	-452
576	5500	-525	0.5311	-352
577	5600	-520	0.1364	-271
578	5700	-515	-0.0487	-233
579	5800	-510	-0.3508	-171
580	5900	-505	-0.4531	-150
581	6000	-500	-0.5506	-130
582	6100	-495	-0.5067	-139
583	6200	-490	-0.5408	-132
584	6300	-485	-0.4921	-142
585	6400	-480	-0.4483	-151
586	6500	-475	-0.2534	-191
587	6600	-470	-0.1851	-205
588	6700	-465	-0.0536	-232
589	6800	-460	0.1072	-265
590	6900	-455	0.4434	-334
591	7000	-450	0.6431	-375
592	7100	-445	0.9598	-440
593	7200	-440	1.2765	-504
594	7300	-435	1.6712	-585
595	7400	-430	2.0220	-657
596	7500	-425	2.4508	-745
597	7600	-420	2.8406	-825
598	7700	-415	3.5665	-974
599	7800	-410	4.1951	-1103
600	7900	-405	4.9893	-1266
601	8000	-400	5.8175	-1435
602	8100	-395	7.1477	-1708
603	8200	-390	8.2050	-1925
604	8300	-385	9.7495	-2242
605	8400	-380	11.1284	-2525
606	8500	-375	13.2332	-2957
607	8600	-370	14.4951	-3216
608	8700	-365	15.9617	-3517
609	8800	-360	16.7559	-3680
610	8900	-355	17.8181	-3898
611	9000	-350	18.0812	-3952
612	9100	-345	18.4125	-4020
613	9200	-340	18.2273	-3982
614	9300	-335	18.5148	-4041
615	9400	-330	18.0714	-3950
616	9500	-325	17.7986	-3894
617	9600	-320	17.0239	-3735
618	9700	-315	16.7267	-3673
619	9800	-310	16.0981	-3544
620	9900	-305	15.4111	-3403
621	10000	-300	14.7534	-3268
622	10100	-295	14.6121	-3239
623	10200	-290	13.9592	-3105
624	10300	-285	13.4378	-2998
625	10400	-280	12.9457	-2897
626	10500	-275	12.7216	-2851
627	10600	-270	12.3221	-2769
628	10700	-265	12.0200	-2707
629	10800	-260	11.7569	-2653
630	10900	-255	11.7813	-2658
631	11000	-250	11.2307	-2545
632	11100	-245	11.0212	-2502
633	11200	-240	10.7337	-2443
634	11300	-235	10.5827	-2412
635	11400	-230	10.3049	-2355
636	11500	-225	10.1295	-2319
637	11600	-220	9.8080	-2253
638	11700	-215	9.7982	-2251
639	11800	-210	9.5302	-2196
640	11900	-205	9.3402	-2157
641	12000	-200	9.1794	-2124
642	12100	-195	9.0917	-2106
643	12200	-190	8.9163	-2069
644	12300	-185	8.8043	-2046
645	12400	-180	8.6240	-2009
646	12500	-175	8.6727	-2019
647	12600	-170	8.5119	-1986
648	12700	-165	8.3901	-1961
649	12800	-160	8.2586	-1934
650	12900	-155	8.2440	-1931
651	13000	-150	8.1124	-1904
652	13100	-145	8.0832	-1898
653	13200	-140	8.0150	-1884
654	13300	-135	8.0734	-1896
655	13400	-130	8.0442	-1890
656	13500	-125	7.9760	-1876
657	13600	-120	7.9516	-1871
658	13700	-115	8.0247	-1886
659	13800	-110	7.9857	-1878
660	13900	-105	8.0393	-1889
661	14000	-100	8.1221	-1906
662	14100	-95	8.2634	-1935
663	14200	-90	8.3073	-1944
664	14300	-85	8.4486	-1973
665	14400	-80	8.5704	-1998
666	14500	-75	8.8774	-2061
667	14600	-70	9.0235	-2091
668	14700	-65	9.2671	-2140
669	14800	-60	9.4669	-2181
670	14900	-55	9.9980	-2290
671	15000	-50	10.2367	-2339
672	15100	-45	10.5145	-2396
673	15200	-40	10.7483	-2444
674	15300	-35	11.0114	-2498
675	15400	-30	9.9785	-2286
676	15500	-25	8.7507	-2034
677	15600	-20	7.8639	-1852
678	15700	-15	7.2013	-1716
679	15800	-10	6.6946	-1612
680	15900	-5	6.2950	-1530
681	16000	0	5.9637	-1462
682	16100	5	6.1001	-1491
683	16200	10	6.1294	-1498
684	16300	15	6.1927	-1511
685	16400	20	6.2122	-1516
686	16500	25	6.3486	-1544
687	16600	30	6.4071	-1557
688	16700	35	6.5240	-1582
689	16800	40	6.5922	-1596
690	16900	45	6.7871	-1636
691	17000	50	6.8895	-1658
692	17100	55	7.0454	-1690
693	17200	60	7.1282	-1707
694	17300	65	7.3913	-1761
695	17400	70	7.4985	-1783
696	17500	75	7.6885	-1823
697	17600	80	7.8054	-1847
698	17700	85	8.0491	-1897
699	17800	90	8.1904	-1927
700	17900	95	8.3853	-1967
701	18000	100	8.5314	-1997
702	18100	105	8.8627	-2066
703	18200	110	9.0284	-2100
704	18300	115	9.2428	-2144
705	18400	120	9.3743	-2172
706	18500	125	9.6715	-2233
707	18600	130	9.8567	-2271
708	18700	135	10.0516	-2312
709	18800	140	10.1978	-2342
710	18900	145	10.5583	-2416
711	19000	150	10.6996	-2445
712	19100	155	10.9286	-2493
713	19200	160	11.0455	-2517
714	19300	165	11.3379	-2577
715	19400	170	11.4694	-2604
716	19500	175	11.6497	-2641
717	19600	180	11.7764	-2668
718	19700	185	12.0297	-2720
719	19800	190	12.1516	-2745
720	19900	195	12.3416	-2784
721	20000	200	12.4488	-2807
722	20100	205	12.6973	-2858
723	20200	210	12.7703	-2873
724	20300	215	12.9116	-2902
725	20400	220	12.9945	-2920
726	20500	225	13.2381	-2970
727	20600	230	13.2917	-2981
728	20700	235	13.4184	-3007
729	20800	240	13.4232	-3009
730	20900	245	13.5791	-3041
731	21000	250	13.5840	-3042
732	21100	255	13.6279	-3051
733	21200	260	13.6035	-3047
734	21300	265	13.8276	-3093
735	21400	270	13.7838	-3084
736	21500	275	13.7838	-3084
737	21600	280	13.7107	-3070
738	21700	285	13.7789	-3084
739	21800	290	13.7204	-3072
740	21900	295	13.7058	-3069
741	22000	300	13.6327	-3055
742	22100	305	13.7351	-3076
743	22200	310	13.6571	-3060
744	22300	315	13.6522	-3060
745	22400	320	13.5791	-3045
746	22500	325	13.6571	-3062
747	22600	330	13.5597	-3042
748	22700	335	13.6035	-3051
749	22800	340	13.5499	-3040
750	22900	345	13.6327	-3058
751	23000	350	13.5986	-3051
752	23100	355	13.6181	-3055
753	23200	360	13.5743	-3046
754	23300	365	13.6425	-3061
755	23400	370	13.6376	-3060
756	23500	375	13.6327	-3059
757	23600	380	13.5499	-3042
758	23700	385	13.6620	-3066
759	23800	390	13.5645	-3046
760	23900	395	13.5450	-3042
761	24000	400	13.4963	-3032
762	24100	405	13.5548	-3044
763	24200	410	13.4427	-3022
764	24300	415	13.4476	-3023
765	24400	420	13.3014	-2993
766	24500	425	13.4232	-3018
767	24600	430	13.3355	-3001
768	24700	435	13.3209	-2998
769	24800	440	13.1845	-2970
770	24900	445	13.2527	-2984
771	25000	450	13.1747	-2969
772	25100	455	13.1309	-2960
773	25200	460	13.0773	-2949
774	25300	465	13.2332	-2981
775	25400	470	13.1406	-2963
776	25500	475	13.1747	-2970
777	25600	480	13.0578	-2946
778	25700	485	13.1845	-2972
779	25800	490	13.1211	-2960
780	25900	495	13.1991	-2976
781	0	500	13.1601	-2968
782	100	495	11.8056	-2690
783	200	490	10.9383	-2512
784	300	485	10.2513	-2370
785	400	480	9.5254	-2221
786	500	475	9.0089	-2115
787	600	470	8.3853	-1987
788	700	465	7.9321	-1893
789	800	460	7.3426	-1772
790	900	455	7.0161	-1705
791	1000	450	6.5776	-1615
792	1100	445	6.2609	-1549
793	1200	440	5.7834	-1451
794	1300	435	5.5544	-1404
795	1400	430	5.1793	-1327
796	1500	425	4.9698	-1283
797	1600	420	4.4728	-1181
798	1700	415	4.3412	-1154
799	1800	410	4.0733	-1099
800	1900	405	3.8784	-1058
801	2000	400	3.5324	-987
802	2100	395	3.3473	-949
803	2200	390	3.1329	-905
804	2300	385	2.9770	-873
805	2400	380	2.6798	-811
806	2500	375	2.6067	-796
807	2600	370	2.3972	-753
808	2700	365	2.2608	-725
809	2800	360	1.9928	-669
810	2900	355	1.9392	-658
811	3000	350	1.7540	-620
812	3100	345	1.6761	-604
813	3200	340	1.4714	-561
814	3300	335	1.4130	-549
815	3400	330	1.2863	-523
816	3500	325	1.1791	-501
817	3600	320	0.9988	-463
818	3700	315	0.9501	-453
819	3800	310	0.8721	-436
820	3900	305	0.8283	-427
821	4000	300	0.5896	-378
822	4100	295	0.6383	-387
823	4200	290	0.5360	-366
824	4300	285	0.4921	-357
825	4400	280	0.3459	-327
826	4500	275	0.3654	-330
827	4600	270	0.2923	-315
828	4700	265	0.2680	-310
829	4800	260	0.0341	-262
830	4900	255	0.1364	-282
831	5000	250	0.0828	-271
832	5100	245	0.1559	-286
833	5200	240	-0.0000	-254
834	5300	235	0.0487	-263
835	5400	230	-0.0049	-252
836	5500	225	-0.0000	-253
837	5600	220	-0.1364	-225
838	5700	215	-0.0536	-241
839	5800	210	-0.0974	-232
840	5900	205	-0.0780	-236
841	6000	200	-0.2046	-210
842	6100	195	-0.1316	-224
843	6200	190	-0.1803	-214
844	6300	185	-0.1900	-212
845	6400	180	-0.2728	-195
846	6500	175	-0.1900	-211
847	6600	170	-0.2339	-202
848	6700	165	-0.1851	-212
849	6800	160	-0.2777	-193
850	6900	155	-0.2339	-202
851	7000	150	-0.2680	-194
852	7100	145	-0.2241	-203
853	7200	140	-0.2387	-200
854	7300	135	-0.1949	-209
855	7400	130	-0.1559	-216
856	7500	125	-0.1803	-211
857	7600	120	-0.0244	-243
858	7700	115	-0.1803	-210
859	7800	110	-0.1998	-206
860	7900	105	-0.2534	-195
861	8000	100	-0.3167	-181
862	8100	95	-0.1316	-219
863	8200	90	-0.0536	-235
864	8300	85	0.0195	-249
865	8400	80	-0.1267	-219
866	8500	75	-0.1267	-219
867	8600	70	-0.1949	-204
868	8700	65	-0.2582	-191
869	8800	60	-0.1608	-211
870	8900	55	-0.0000	-244
871	9000	50	-0.2485	-193
872	9100	45	-0.0926	-224
873	9200	40	-0.0439	-234
874	9300	35	-0.1364	-215
875	9400	30	-0.1169	-218
876	9500	25	-0.0926	-222
877	9600	20	-0.1121	-218
878	9700	15	-0.0390	-232
879	9800	10	-0.1072	-218
880	9900	5	-0.0487	-229
881	10000	0	-0.0926	-219
882	10100	-5	-0.0877	-220
883	10200	-10	-0.1267	-212
884	10300	-15	-0.0682	-224
885	10400	-20	-0.1218	-213
886	10500	-25	-0.0439	-229
887	10600	-30	-0.0828	-221
888	10700	-35	-0.1218	-213
889	10800	-40	-0.1121	-215
890	10900	-45	-0.0877	-220
891	11000	-50	-0.0731	-223
892	11100	-55	-0.0585	-226
893	11200	-60	-0.1121	-215
894	11300	-65	-0.0536	-227
895	11400	-70	-0.1072	-217
896	11500	-75	-0.1218	-214
897	11600	-80	-0.1121	-216
898	11700	-85	-0.0682	-225
899	11800	-90	-0.1364	-211
900	11900	-95	-0.1023	-218
901	12000	-100	-0.1267	-213
902	12100	-105	-0.1267	-213
903	12200	-110	-0.1218	-214
904	12300	-115	-0.1364	-211
905	12400	-120	-0.1608	-206
906	12500	-125	-0.1462	-209
907	12600	-130	-0.1510	-208
908	12700	-135	-0.1510	-208
909	12800	-140	-0.1900	-200
910	12900	-145	-0.1900	-200
911	13000	-150	-0.1705	-204
912	13100	-155	-0.1900	-200
913	13200	-160	-0.1949	-199
914	13300	-165	-0.2144	-195
915	13400	-170	-0.2046	-197
916	13500	-175	-0.2095	-196
917	13600	-180	-0.2290	-192
918	13700	-185	-0.2144	-195
919	13800	-190	-0.2095	-196
920	13900	-195	-0.2241	-194
921	14000	-200	-0.2144	-196
922	14100	-205	-0.2241	-194
923	14200	-210	-0.2339	-192
924	14300	-215	-0.2193	-195
925	14400	-220	-0.2339	-192
926	14500	-225	-0.2241	-194
927	14600	-230	-0.2046	-198
928	14700	-235	-0.1949	-200
929	14800	-240	-0.2046	-198
930	14900	-245	-0.2095	-197
931	15000	-250	-0.1851	-202
932	15100	-255	-0.1851	-202
933	15200	-260	-0.1998	-199
934	15300	-265	-0.1900	-201
935	15400	-270	-0.1900	-201
936	15500	-275	-0.1803	-203
937	15600	-280	-0.1851	-202
938	15700	-285	-0.1803	-203
939	15800	-290	-0.1754	-204
940	15900	-295	-0.1803	-203
941	16000	-300	-0.1851	-202
942	16100	-305	-0.1851	-202
943	16200	-310	-0.1900	-201
944	16300	-315	-0.1705	-205
945	16400	-320	-0.1949	-201
946	16500	-325	-0.1851	-203
947	16600	-330	-0.1949	-201
948	16700	-335	-0.1949	-201
949	16800	-340	-0.1998	-200
950	16900	-345	-0.2144	-197
951	17000	-350	-0.2290	-194
952	17100	-355	-0.2046	-199
953	17200	-360	-0.2290	-194
954	17300	-365	-0.2290	-194
955	17400	-370	-0.2485	-190
956	17500	-375	-0.2534	-189
957	17600	-380	-0.2680	-186
958	17700	-385	-0.2875	-182
959	17800	-390	-0.3167	-176
960	17900	-395	-0.3264	-174
961	18000	-400	-0.3606	-167
962	18100	-405	-0.3995	-160
963	18200	-410	-0.4239	-155
964	18300	-415	-0.4629	-147
965	18400	-420	-0.4921	-141
966	18500	-425	-0.5408	-131
967	18600	-430	-0.5896	-121
968	18700	-435	-0.6334	-112
969	18800	-440	-0.6919	-100
970	18900	-445	-0.7503	-89
971	19000	-450	-0.8088	-77
972	19100	-455	-0.8478	-69
973	19200	-460	-0.9257	-53
974	19300	-465	-0.9452	-49
975	19400	-470	-1.0232	-33
976	19500	-475	-1.0719	-23
977	19600	-480	-1.1596	-5
978	19700	-485	-1.2083	5
979	19800	-490	-1.2912	22
980	19900	-495	-1.3350	31
981	20000	-500	-1.4471	54
982	20100	-505	-1.4909	63
983	20200	-510	-1.5932	84
984	20300	-515	-1.6468	95
985	20400	-520	-1.7687	120
986	20500	-525	-1.8564	138
987	20600	-530	-1.9294	153
988	20700	-535	-2.0464	177
989	20800	-540	-2.1731	203
990	20900	-545	-2.2851	226
991	21000	-550	-2.4021	250
992	21100	-555	-2.5044	271
993	21200	-560	-2.6603	303
994	21300	-565	-2.7529	322
995	21400	-570	-2.9088	353
996	21500	-575	-3.0452	381
997	21600	-580	-3.2157	416
998	21700	-585	-3.3668	447
999	21800	-590	-3.5129	477
1000	21900	-595	-3.6737	510
1001	22000	-600	-3.8443	545
1002	22100	-605	-3.9856	574
1003	22200	-610	-4.1610	610
1004	22300	-615	-4.3071	640
1005	22400	-620	-4.5118	682
1006	22500	-625	-4.6677	714
1007	22600	-630	-4.8285	747
1008	22700	-635	-4.9795	778
1009	22800	-640	-5.1695	817
1010	22900	-645	-5.3060	845
1011	23000	-650	-5.4862	882
1012	23100	-655	-5.6275	910
1013	23200	-660	-5.8516	956
1014	23300	-665	-5.9783	982
1015	23400	-670	-6.1732	1022
1016	23500	-675	-6.3243	1053
1017	23600	-680	-6.4997	1089
1018	23700	-685	-6.6263	1114
1019	23800	-690	-6.7335	1136
1020	23900	-695	-6.8066	1151
1021	24000	-700	-6.9479	1180
1022	24100	-705	-6.9820	1187
1023	24200	-710	-7.0843	1207
1024	24300	-715	-7.1136	1213
1025	24400	-720	-7.1867	1228
1026	24500	-725	-7.2549	1242
1027	24600	-730	-7.3669	1265
1028	24700	-735	-7.4790	1288
1029	24800	-740	-7.6885	1330
1030	24900	-745	-7.8590	1365
1031	25000	-750	-8.1368	1422
1032	25100	-755	-8.4145	1479
1033	25200	-760	-8.7897	1556
1034	25300	-765	-9.1453	1629
1035	25400	-770	-9.5302	1708
1036	25500	-775	-9.9298	1790
1037	25600	-780	-10.4268	1891
1038	25700	-785	-10.8068	1969
1039	25800	-790	-11.2356	2057
1040	25900	-795	-11.6156	2135
1041	26000	-800	-12.1126	2237
1042	0	-800	-10.3537	1876
1043	100	-795	-10.0175	1807
1044	200	-790	-9.7544	1753
1045	300	-785	-9.4913	1699
1046	400	-780	-9.2477	1649
1047	500	-775	-8.9894	1597
1048	600	-770	-8.7994	1558
1049	700	-765	-8.5899	1515
1050	800	-760	-8.3658	1469
1051	900	-755	-8.1270	1420
1052	1000	-750	-7.9565	1385
1053	1100	-745	-7.8006	1353
1054	1200	-740	-7.5959	1311
1055	1300	-735	-7.3816	1268
1056	1400	-730	-7.2354	1238
1057	1500	-725	-7.0649	1203
1058	1600	-720	-6.9382	1177
1059	1700	-715	-6.7287	1134
1060	1800	-710	-6.6410	1116
1061	1900	-705	-6.4948	1087
1062	2000	-700	-6.3584	1059
1063	2100	-695	-6.2512	1037
1064	2200	-690	-6.1732	1021
1065	2300	-685	-6.0758	1001
1066	2400	-680	-5.9832	983
1067	2500	-675	-5.8711	960
1068	2600	-670	-5.7591	937
1069	2700	-665	-5.6616	917
1070	2800	-660	-5.5691	898
1071	2900	-655	-5.4326	870
1072	3000	-650	-5.2231	828
1073	3100	-645	-5.0867	800
1074	3200	-640	-4.8918	760
1075	3300	-635	-4.5897	698
1076	3400	-630	-4.3169	642
1077	3500	-625	-3.8637	549
1078	3600	-620	-3.5373	482
1079	3700	-615	-2.8503	341
1080	3800	-610	-2.4069	250
1081	3900	-605	-1.8076	127
1082	4000	-600	-1.3301	29
1083	4100	-595	-0.5554	-130
1084	4200	-590	-0.1023	-223
1085	4300	-585	0.5165	-350
1086	4400	-580	1.0086	-451
1087	4500	-575	1.8271	-619
1088	4600	-570	2.1389	-683
1089	4700	-565	2.4751	-751
1090	4800	-560	2.5531	-767
1091	4900	-555	2.6213	-781
1092	5000	-550	2.2754	-710
1093	5100	-545	1.8710	-627
1094	5200	-540	1.3984	-530
1095	5300	-535	1.0914	-467
1096	5400	-530	0.6090	-368
1097	5500	-525	0.2972	-304
1098	5600	-520	0.0487	-253
1099	5700	-515	-0.0633	-230
1100	5800	-510	-0.2193	-198
1101	5900	-505	-0.3070	-180
1102	6000	-500	-0.3264	-176
1103	6100	-495	-0.3264	-176
1104	6200	-490	-0.3362	-174
1105	6300	-485	-0.3070	-180
1106	6400	-480	-0.2680	-188
1107	6500	-475	-0.1900	-204
1108	6600	-470	-0.1316	-216
1109	6700	-465	-0.0244	-238
1110	6800	-460	0.0828	-260
1111	6900	-455	0.2582	-296
1112	7000	-450	0.3703	-319
1113	7100	-445	0.5165	-349
1114	7200	-440	0.6821	-382
1115	7300	-435	0.9647	-440
1116	7400	-430	1.0817	-464
1117	7500	-425	1.3594	-521
1118	7600	-420	1.5786	-566
1119	7700	-415	1.9538	-643
1120	7800	-410	2.2851	-711
1121	7900	-405	2.7285	-802
1122	8000	-400	3.1719	-892
1123	8100	-395	3.9027	-1042
1124	8200	-390	4.5654	-1178
1125	8300	-385	5.4375	-1357
1126	8400	-380	6.3535	-1545
1127	8500	-375	7.6203	-1805
1128	8600	-370	8.6386	-2014
1129	8700	-365	9.4767	-2186
1130	8800	-360	10.0321	-2300
1131	8900	-355	10.4803	-2392
1132	9000	-350	10.4560	-2387
1133	9100	-345	10.2757	-2350
1134	9200	-340	9.7982	-2252
1135	9300	-335	9.4815	-2187
1136	9400	-330	8.8481	-2057
1137	9500	-325	8.2342	-1931
1138	9600	-320	7.6593	-1813
1139	9700	-315	7.1623	-1710
1140	9800	-310	6.5776	-1590
1141	9900	-305	6.1635	-1505
1142	10000	-300	5.7591	-1422
1143	10100	-295	5.5203	-1373
1144	10200	-290	5.2182	-1311
1145	10300	-285	5.0282	-1272
1146	10400	-280	4.8138	-1228
1147	10500	-275	4.7115	-1207
1148	10600	-270	4.5215	-1168
1149	10700	-265	4.4192	-1147
1150	10800	-260	4.3120	-1125
1151	10900	-255	4.3071	-1124
1152	11000	-250	4.1804	-1098
1153	11100	-245	4.1074	-1083
1154	11200	-240	4.0050	-1062
1155	11300	-235	3.9661	-1054
1156	11400	-230	3.8686	-1034
1157	11500	-225	3.8199	-1024
1158	11600	-220	3.7663	-1013
1159	11700	-215	3.7566	-1011
1160	11800	-210	3.6981	-999
1161	11900	-205	3.6347	-986
1162	12000	-200	3.5812	-975
1163	12100	-195	3.6055	-980
1164	12200	-190	3.5324	-964
1165	12300	-185	3.5373	-965
1166	12400	-180	3.5032	-958
1167	12500	-175	3.5422	-966
1168	12600	-170	3.5227	-962
1169	12700	-165	3.5032	-958
1170	12800	-160	3.4886	-955
1171	12900	-155	3.5276	-963
1172	13000	-150	3.5324	-964
1173	13100	-145	3.5812	-974
1174	13200	-140	3.5763	-973
1175	13300	-135	3.7078	-1000
1176	13400	-130	3.6786	-994
1177	13500	-125	3.7419	-1007
1178	13600	-120	3.7955	-1018
1179	13700	-115	3.9076	-1041
1180	13800	-110	3.9466	-1049
1181	13900	-105	4.0781	-1076
1182	14000	-100	4.1463	-1090
1183	14100	-95	4.2974	-1121
1184	14200	-90	4.4094	-1144
1185	14300	-85	4.5166	-1166
1186	14400	-80	4.5654	-1176
1187	14500	-75	4.7505	-1214
1188	14600	-70	4.8821	-1241
1189	14700	-65	4.9893	-1262
1190	14800	-60	5.1111	-1287
1191	14900	-55	5.3206	-1330
1192	15000	-50	5.4229	-1351
1193	15100	-45	5.5203	-1371
1194	15200	-40	5.6421	-1396
1195	15300	-35	5.7981	-1428
1196	15400	-30	5.9199	-1453
1197	15500	-25	6.0076	-1471
1198	15600	-20	6.0514	-1480
1199	15700	-15	6.2853	-1528
1200	15800	-10	6.3681	-1545
1201	15900	-5	6.3681	-1545
1202	16000	0	6.4509	-1562
1203	16100	5	6.5289	-1579
1204	16200	10	6.6263	-1600
1205	16300	15	6.5728	-1589
1206	16400	20	6.5484	-1585
1207	16500	25	6.7920	-1635
1208	16600	30	6.6263	-1602
1209	16700	35	6.7092	-1620
1210	16800	40	6.4851	-1574
1211	16900	45	6.6653	-1611
1212	17000	50	6.5825	-1595
1213	17100	55	6.3681	-1551
1214	17200	60	6.2122	-1519
1215	17300	65	6.2512	-1527
1216	17400	70	6.1099	-1498
1217	17500	75	6.0417	-1485
1218	17600	80	5.8614	-1448
1219	17700	85	5.9540	-1467
1220	17800	90	5.6616	-1408
1221	17900	95	5.5398	-1383
1222	18000	100	5.3595	-1346
1223	18100	105	5.2182	-1318
1224	18200	110	5.1013	-1294
1225	18300	115	5.0331	-1280
1226	18400	120	4.8431	-1242
1227	18500	125	4.8431	-1242
1228	18600	130	4.5946	-1191
1229	18700	135	4.7408	-1222
1230	18800	140	4.4533	-1163
1231	18900	145	4.4338	-1159
1232	19000	150	4.6531	-1204
1233	19100	155	4.4192	-1157
1234	19200	160	4.3607	-1145
1235	19300	165	4.3412	-1141
1236	19400	170	4.3851	-1150
1237	19500	175	4.2730	-1127
1238	19600	180	4.1902	-1111
1239	19700	185	4.2340	-1120
1240	19800	190	4.1561	-1104
1241	19900	195	4.3315	-1140
1242	20000	200	4.2146	-1117
1243	20100	205	4.2730	-1129
1244	20200	210	4.2974	-1134
1245	20300	215	4.3364	-1142
1246	20400	220	4.1561	-1106
1247	20500	225	4.5118	-1179
1248	20600	230	4.5264	-1182
1249	20700	235	4.4241	-1161
1250	20800	240	4.4289	-1163
1251	20900	245	4.8528	-1250
1252	21000	250	5.1890	-1319
1253	21100	255	4.8821	-1256
1254	21200	260	4.8723	-1255
1255	21300	265	5.8127	-1448
1256	21400	270	5.5301	-1390
1257	21500	275	5.6373	-1412
1258	21600	280	5.7591	-1438
1259	21700	285	5.9491	-1477
1260	21800	290	6.0660	-1501
1261	21900	295	6.4071	-1571
1262	22000	300	6.5338	-1598
1263	22100	305	7.1233	-1719
1264	22200	310	6.3340	-1557
1265	22300	315	5.7834	-1445
1266	22400	320	5.2913	-1344
1267	22500	325	5.1111	-1308
1268	22600	330	4.8138	-1247
1269	22700	335	4.7261	-1229
1270	22800	340	4.5605	-1195
1271	22900	345	4.6482	-1214
1272	23000	350	4.5215	-1188
1273	23100	355	4.5069	-1185
1274	23200	360	4.4436	-1172
1275	23300	365	4.5897	-1203
1276	23400	370	4.5361	-1192
1277	23500	375	4.6190	-1209
1278	23600	380	4.6092	-1207
1279	23700	385	4.8187	-1251
1280	23800	390	4.7651	-1240
1281	23900	395	4.9064	-1269
1282	24000	400	4.9210	-1272
1283	24100	405	5.1305	-1315
1284	24200	410	5.1647	-1323
1285	24300	415	5.2913	-1349
1286	24400	420	5.3595	-1363
1287	24500	425	5.7055	-1434
1288	24600	430	5.7152	-1437
1289	24700	435	5.8809	-1471
1290	24800	440	5.9296	-1481
1291	24900	445	6.2707	-1551
1292	25000	450	6.3389	-1566
1293	25100	455	6.4851	-1596
1294	25200	460	6.6312	-1626
1295	25300	465	6.9869	-1699
1296	25400	470	7.0161	-1706
1297	25500	475	7.2451	-1753
1298	25600	480	7.3718	-1779
1299	25700	485	7.7031	-1847
1300	25800	490	7.7957	-1867
1301	25900	495	8.0686	-1923
1302	0	500	8.1952	-1949
1303	100	495	6.9528	-1694
1304	200	490	6.2122	-1542
1305	300	485	5.7055	-1437
1306	400	480	5.1549	-1324
1307	500	475	4.7846	-1248
1308	600	470	4.3510	-1159
1309	700	465	4.0586	-1098
1310	800	460	3.5227	-988
1311	900	455	3.3911	-961
1312	1000	450	3.0890	-899
1313	1100	445	2.8795	-855
1314	1200	440	2.5190	-781
1315	1300	435	2.4118	-759
1316	1400	430	2.1389	-703
1317	1500	425	2.0318	-680
1318	1600	420	1.6274	-597
1319	1700	415	1.6127	-594
1320	1800	410	1.4081	-552
1321	1900	405	1.3350	-536
1322	2000	400	1.0865	-485
1323	2100	395	1.0378	-475
1324	2200	390	0.8721	-441
1325	2300	385	0.7991	-426
1326	2400	380	0.5701	-378
1327	2500	375	0.6285	-390
1328	2600	370	0.4580	-355
1329	2700	365	0.4288	-349
1330	2800	360	0.1949	-300
1331	2900	355	0.2728	-316
1332	3000	350	0.1559	-292
1333	3100	345	0.1364	-288
1334	3200	340	-0.0390	-251
1335	3300	335	0.0049	-260
1336	3400	330	-0.0682	-245
1337	3500	325	-0.1169	-235
1338	3600	320	-0.2485	-207
1339	3700	315	-0.1900	-219
1340	3800	310	-0.4824	-158
1341	3900	305	-0.3118	-193
1342	4000	300	-0.7796	-97
1343	4100	295	-0.6870	-115
1344	4200	290	-0.7698	-98
1345	4300	285	-0.5798	-137
1346	4400	280	-0.5798	-137
1347	4500	275	-0.8575	-79
1348	4600	270	-0.5165	-149
1349	4700	265	-0.9111	-68
1350	4800	260	-1.0670	-36
1351	4900	255	-0.5067	-150
1352	5000	250	-0.9988	-49
1353	5100	245	-0.9404	-61
1354	5200	240	-1.0086	-47
1355	5300	235	-0.9014	-68
1356	5400	230	-1.1352	-20
1357	5500	225	-0.7991	-89
1358	5600	220	-0.7650	-96
1359	5700	215	-1.0670	-33
1360	5800	210	-0.7893	-90
1361	5900	205	-1.0817	-30
1362	6000	200	-0.9355	-60
1363	6100	195	-0.8088	-85
1364	6200	190	-1.0670	-32
1365	6300	185	-0.8137	-84
1366	6400	180	-0.7893	-89
1367	6500	175	-0.7260	-101
1368	6600	170	-0.5896	-129
1369	6700	165	-0.7552	-95
1370	6800	160	-0.7844	-89
1371	6900	155	-0.6090	-125
1372	7000	150	-0.4580	-155
1373	7100	145	-0.5554	-135
1374	7200	140	-0.6139	-123
1375	7300	135	-0.6188	-122
1376	7400	130	-0.6188	-121
1377	7500	125	-0.7796	-88
1378	7600	120	-0.6042	-124
1379	7700	115	-0.4629	-152
1380	7800	110	-0.6237	-119
1381	7900	105	-0.6675	-110
1382	8000	100	-0.5067	-142
1383	8100	95	-0.4190	-160
1384	8200	90	-0.5652	-130
1385	8300	85	-0.2777	-188
1386	8400	80	-0.2826	-187
1387	8500	75	-0.4483	-153
1388	8600	70	-0.4141	-159
1389	8700	65	-0.4385	-154
1390	8800	60	-0.4824	-145
1391	8900	55	-0.3508	-172
1392	9000	50	-0.3947	-163
1393	9100	45	-0.3118	-179
1394	9200	40	-0.3606	-169
1395	9300	35	-0.4921	-142
1396	9400	30	-0.2290	-195
1397	9500	25	-0.2387	-192
1398	9600	20	-0.4629	-146
1399	9700	15	-0.2777	-183
1400	9800	10	-0.2387	-191
1401	9900	5	-0.2290	-192
1402	10000	0	-0.2241	-192
1403	10100	-5	-0.3411	-168
1404	10200	-10	-0.2290	-191
1405	10300	-15	-0.2777	-181
1406	10400	-20	-0.1657	-204
1407	10500	-25	-0.2777	-181
1408	10600	-30	-0.2728	-182
1409	10700	-35	-0.1657	-204
1410	10800	-40	-0.2046	-196
1411	10900	-45	-0.1316	-211
1412	11000	-50	-0.2046	-196
1413	11100	-55	-0.2046	-196
1414	11200	-60	-0.2193	-193
1415	11300	-65	-0.1754	-202
1416	11400	-70	-0.1949	-199
1417	11500	-75	-0.1462	-209
1418	11600	-80	-0.1803	-202
1419	11700	-85	-0.1510	-208
1420	11800	-90	-0.1608	-206
1421	11900	-95	-0.1900	-200
1422	12000	-100	-0.2290	-192
1423	12100	-105	-0.1851	-201
1424	12200	-110	-0.2290	-192
1425	12300	-115	-0.1851	-201
1426	12400	-120	-0.2436	-189
1427	12500	-125	-0.2144	-195
1428	12600	-130	-0.2339	-191
1429	12700	-135	-0.1998	-198
1430	12800	-140	-0.2534	-187
1431	12900	-145	-0.2144	-195
1432	13000	-150	-0.2290	-192
1433	13100	-155	-0.2144	-195
1434	13200	-160	-0.2534	-187
1435	13300	-165	-0.2339	-191
1436	13400	-170	-0.2680	-184
1437	13500	-175	-0.2631	-185
1438	13600	-180	-0.2923	-179
1439	13700	-185	-0.2826	-181
1440	13800	-190	-0.2923	-179
1441	13900	-195	-0.2923	-180
1442	14000	-200	-0.2923	-180
1443	14100	-205	-0.2972	-179
1444	14200	-210	-0.3021	-178
1445	14300	-215	-0.2826	-182
1446	14400	-220	-0.2923	-180
1447	14500	-225	-0.2534	-188
1448	14600	-230	-0.2436	-190
1449	14700	-235	-0.2339	-192
1450	14800	-240	-0.2387	-191
1451	14900	-245	-0.2290	-193
1452	15000	-250	-0.2387	-191
1453	15100	-255	-0.2144	-196
1454	15200	-260	-0.2290	-193
1455	15300	-265	-0.2193	-195
1456	15400	-270	-0.2193	-195
1457	15500	-275	-0.2144	-196
1458	15600	-280	-0.2193	-195
1459	15700	-285	-0.2095	-197
1460	15800	-290	-0.1949	-200
1461	15900	-295	-0.2095	-197
1462	16000	-300	-0.2095	-197
1463	16100	-305	-0.2144	-196
1464	16200	-310	-0.2095	-197
1465	16300	-315	-0.2046	-198
1466	16400	-320	-0.2046	-199
1467	16500	-325	-0.2046	-199
1468	16600	-330	-0.2046	-199
1469	16700	-335	-0.2144	-197
1470	16800	-340	-0.2241	-195
1471	16900	-345	-0.2241	-195
1472	17000	-350	-0.2144	-197
1473	17100	-355	-0.2290	-194
1474	17200	-360	-0.2387	-192
1475	17300	-365	-0.2290	-194
1476	17400	-370	-0.2534	-189
1477	17500	-375	-0.2436	-191
1478	17600	-380	-0.2631	-187
1479	17700	-385	-0.2826	-183
1480	17800	-390	-0.2680	-186
1481	17900	-395	-0.3021	-179
1482	18000	-400	-0.3167	-176
1483	18100	-405	-0.3411	-172
1484	18200	-410	-0.3313	-174
1485	18300	-415	-0.3703	-166
1486	18400	-420	-0.3947	-161
1487	18500	-425	-0.4044	-159
1488	18600	-430	-0.4239	-155
1489	18700	-435	-0.4336	-153
1490	18800	-440	-0.4677	-146
1491	18900	-445	-0.4775	-145
1492	19000	-450	-0.5213	-136
1493	19100	-455	-0.5262	-135
1494	19200	-460	-0.5847	-123
1495	19300	-465	-0.5944	-121
1496	19400	-470	-0.6237	-115
1497	19500	-475	-0.6383	-112
1498	19600	-480	-0.7016	-99
1499	19700	-485	-0.7114	-97
1500	19800	-490	-0.7552	-88
1501	19900	-495	-0.7942	-80
1502	20000	-500	-0.8380	-71
1503	20100	-505	-0.8721	-64
1504	20200	-510	-0.9014	-58
1505	20300	-515	-0.9550	-47
1506	20400	-520	-1.0037	-37
1507	20500	-525	-1.0573	-26
1508	20600	-530	-1.1109	-15
1509	20700	-535	-1.1645	-4
1510	20800	-540	-1.2327	10
1511	20900	-545	-1.3009	24
1512	21000	-550	-1.3740	39
1513	21100	-555	-1.4032	45
1514	21200	-560	-1.5055	66
1515	21300	-565	-1.5835	82
1516	21400	-570	-1.6615	97
1517	21500	-575	-1.7102	107
1518	21600	-580	-1.8417	134
1519	21700	-585	-1.9148	149
1520	21800	-590	-2.0025	167
1521	21900	-595	-2.0902	185
1522	22000	-600	-2.2120	210
1523	22100	-605	-2.2851	225
1524	22200	-610	-2.3874	246
1525	22300	-615	-2.4898	267
1526	22400	-620	-2.6067	291
1527	22500	-625	-2.7090	312
1528	22600	-630	-2.8259	336
1529	22700	-635	-2.8893	349
1530	22800	-640	-3.0257	377
1531	22900	-645	-3.1280	398
1532	23000	-650	-3.2303	419
1533	23100	-655	-3.3327	439
1534	23200	-660	-3.4642	466
1535	23300	-665	-3.5763	489
1536	23400	-670	-3.6737	509
1537	23500	-675	-3.7712	529
1538	23600	-680	-3.8930	554
1539	23700	-685	-3.9807	571
1540	23800	-690	-4.1074	597
1541	23900	-695	-4.1999	616
1542	24000	-700	-4.3315	643
1543	24100	-705	-4.4143	660
1544	24200	-710	-4.5069	678
1545	24300	-715	-4.5946	696
1546	24400	-720	-4.6920	716
1547	24500	-725	-4.7700	732
1548	24600	-730	-4.8821	755
1549	24700	-735	-4.9698	773
1550	24800	-740	-5.1062	800
1551	24900	-745	-5.2036	820
1552	25000	-750	-5.3157	843
1553	25100	-755	-5.4326	867
1554	25200	-760	-5.5885	899
1555	25300	-765	-5.7201	926
1556	25400	-770	-5.8809	959
1557	25500	-775	-6.0368	991
1558	25600	-780	-6.2804	1040
1559	25700	-785	-6.4607	1077
1560	25800	-790	-6.6799	1122
1561	25900	-795	-6.8553	1158
1562	26000	-800	-7.1379	1216
