File : 		4.7_4_1
UID : 		394804000a4ffa

Setting
Strip Type : 		customise
Current Range : 		20.0		uA
Sweep Rate : 		0.05		Vps
Step size : 		5		mV
Step time : 		100		ms
V Start : 		-0.8		V
V Mid : 		0.5		V
V End : 		-0.8		V
Loop : 		3
Next time to scan : 		5

Offset
index 	 I (uA) 	 HEX 
0	-800	-252
1	-758	-249
2	-716	-247
3	-674	-246
4	-632	-245
5	-590	-243
6	-548	-243
7	-506	-241
8	-465	-241
9	-423	-240
10	-381	-240
11	-339	-239
12	-297	-238
13	-255	-238
14	-213	-238
15	-171	-238
16	-129	-238
17	-87	-237
18	-45	-237
19	-3	-237
20	39	-242
21	81	-245
22	123	-247
23	165	-249
24	206	-251
25	248	-253
26	290	-256
27	332	-258
28	374	-260
29	416	-263
30	458	-265
31	500	-267

Conversion
index 	 sampling time(ms) 	 V (mV) 	 I(uA) 	 HEX 
0	0	-800	-18.1883	3481
1	100	-795	-17.3747	3314
2	200	-790	-16.6925	3175
3	300	-785	-15.9909	3031
4	400	-780	-15.3478	2899
5	500	-775	-14.6121	2749
6	600	-770	-14.0518	2634
7	700	-765	-13.4866	2518
8	800	-760	-13.0091	2421
9	900	-755	-12.6339	2344
10	1000	-750	-12.2246	2260
11	1100	-745	-11.8056	2175
12	1200	-740	-21.0240	4067
13	1300	-735	-18.7876	3608
14	1400	-730	-16.3612	3110
15	1500	-725	-15.4111	2916
16	1600	-720	-14.4269	2714
17	1700	-715	-13.8081	2587
18	1800	-710	-13.3550	2494
19	1900	-705	-12.8727	2395
20	2000	-700	-12.4829	2315
21	2100	-695	-12.0882	2234
22	2200	-690	-11.7423	2164
23	2300	-685	-11.3525	2084
24	2400	-680	-11.0796	2028
25	2500	-675	-10.7093	1952
26	2600	-670	-10.2660	1861
27	2700	-665	-9.7495	1755
28	2800	-660	-9.2525	1653
29	2900	-655	-9.2282	1648
30	3000	-650	-8.1270	1423
31	3100	-645	-7.5034	1295
32	3200	-640	-6.8651	1164
33	3300	-635	-6.0660	1000
34	3400	-630	-5.3206	847
35	3500	-625	-4.5556	690
36	3600	-620	-3.7858	533
37	3700	-615	-2.7090	312
38	3800	-610	-2.4215	253
39	3900	-605	-1.9782	162
40	4000	-600	-1.9002	147
41	4100	-595	-1.7881	124
42	4200	-590	-1.9441	156
43	4300	-585	-2.0854	185
44	4400	-580	-2.4069	251
45	4500	-575	-2.5628	283
46	4600	-570	-2.9575	364
47	4700	-565	-3.2937	433
48	4800	-560	-3.5909	494
49	4900	-555	-3.8150	540
50	5000	-550	-3.9953	577
51	5100	-545	-4.0343	585
52	5200	-540	-4.0635	591
53	5300	-535	-3.9709	573
54	5400	-530	-3.6445	506
55	5500	-525	-3.0208	378
56	5600	-520	-2.8552	344
57	5700	-515	-2.8942	353
58	5800	-510	-2.9331	361
59	5900	-505	-2.9380	362
60	6000	-500	-2.9136	357
61	6100	-495	-2.8211	338
62	6200	-490	-2.7626	326
63	6300	-485	-2.6359	300
64	6400	-480	-2.5726	287
65	6500	-475	-2.3826	248
66	6600	-470	-2.2900	229
67	6700	-465	-2.1195	194
68	6800	-460	-1.9635	162
69	6900	-455	-1.6371	95
70	7000	-450	-1.5299	73
71	7100	-445	-1.2278	11
72	7200	-440	-1.0037	-34
73	7300	-435	-0.6383	-109
74	7400	-430	-0.4190	-154
75	7500	-425	0.0049	-241
76	7600	-420	0.3459	-311
77	7700	-415	0.9940	-444
78	7800	-410	1.5348	-555
79	7900	-405	2.0854	-668
80	8000	-400	2.6895	-792
81	8100	-395	3.7030	-1000
82	8200	-390	4.5020	-1164
83	8300	-385	5.5934	-1388
84	8400	-380	6.7628	-1628
85	8500	-375	8.7458	-2035
86	8600	-370	9.9054	-2273
87	8700	-365	11.9128	-2685
88	8800	-360	14.1443	-3143
89	8900	-355	16.5756	-3641
90	9000	-350	18.5586	-4048
91	9100	-345	21.6672	-4686
92	9200	-340	23.4943	-5061
93	9300	-335	26.7636	-5732
94	9400	-330	26.8806	-5756
95	9500	-325	26.8465	-5749
96	9600	-320	26.8172	-5743
97	9700	-315	26.7880	-5736
98	9800	-310	26.7685	-5732
99	9900	-305	26.7539	-5729
100	10000	-300	26.7441	-5727
101	10100	-295	26.7295	-5724
102	10200	-290	26.7246	-5723
103	10300	-285	26.7198	-5722
104	10400	-280	26.7198	-5722
105	10500	-275	26.7149	-5721
106	10600	-270	26.7149	-5721
107	10700	-265	26.7149	-5721
108	10800	-260	26.7149	-5721
109	10900	-255	26.7100	-5720
110	11000	-250	26.7100	-5720
111	11100	-245	26.7149	-5721
112	11200	-240	26.7246	-5723
113	11300	-235	26.7393	-5726
114	11400	-230	26.7588	-5730
115	11500	-225	26.7782	-5734
116	11600	-220	26.7929	-5737
117	11700	-215	26.8075	-5740
118	11800	-210	26.8221	-5743
119	11900	-205	26.8416	-5747
120	12000	-200	26.8562	-5750
121	12100	-195	26.8659	-5752
122	12200	-190	26.8806	-5755
123	12300	-185	26.8903	-5757
124	12400	-180	26.9000	-5759
125	12500	-175	26.7929	-5737
126	12600	-170	26.0035	-5575
127	12700	-165	25.2240	-5415
128	12800	-160	24.5224	-5271
129	12900	-155	23.8305	-5129
130	13000	-150	23.1630	-4992
131	13100	-145	22.5150	-4859
132	13200	-140	21.9254	-4738
133	13300	-135	21.3602	-4622
134	13400	-130	20.8389	-4515
135	13500	-125	20.3517	-4415
136	13600	-120	19.8742	-4317
137	13700	-115	19.4308	-4226
138	13800	-110	19.0020	-4138
139	13900	-105	18.6122	-4057
140	14000	-100	18.2566	-3984
141	14100	-95	17.9106	-3913
142	14200	-90	17.5452	-3838
143	14300	-85	17.2724	-3782
144	14400	-80	16.9508	-3716
145	14500	-75	16.6828	-3661
146	14600	-70	16.4294	-3609
147	14700	-65	16.1663	-3555
148	14800	-60	15.9373	-3508
149	14900	-55	15.7132	-3462
150	15000	-50	15.5037	-3419
151	15100	-45	15.2942	-3376
152	15200	-40	15.1139	-3339
153	15300	-35	14.9288	-3301
154	15400	-30	14.7388	-3262
155	15500	-25	14.5780	-3229
156	15600	-20	14.4123	-3195
157	15700	-15	14.2515	-3162
158	15800	-10	14.1102	-3133
159	15900	-5	13.9592	-3102
160	16000	0	13.8374	-3077
161	16100	5	14.3343	-3180
162	16200	10	14.5877	-3233
163	16300	15	14.8800	-3293
164	16400	20	15.0701	-3333
165	16500	25	15.4014	-3401
166	16600	30	15.5573	-3434
167	16700	35	15.7912	-3483
168	16800	40	15.9179	-3509
169	16900	45	16.2053	-3568
170	17000	50	16.3515	-3599
171	17100	55	16.5269	-3635
172	17200	60	16.6390	-3659
173	17300	65	16.9459	-3722
174	17400	70	17.0677	-3747
175	17500	75	17.2772	-3791
176	17600	80	17.3942	-3815
177	17700	85	17.6621	-3870
178	17800	90	17.7693	-3892
179	17900	95	17.9594	-3932
180	18000	100	18.0860	-3958
181	18100	105	18.4709	-4037
182	18200	110	18.5733	-4058
183	18300	115	18.7828	-4102
184	18400	120	18.9143	-4129
185	18500	125	19.2018	-4188
186	18600	130	19.3187	-4212
187	18700	135	19.5136	-4253
188	18800	140	19.6257	-4276
189	18900	145	19.9814	-4349
190	19000	150	20.0788	-4369
191	19100	155	20.2688	-4409
192	19200	160	20.3419	-4424
193	19300	165	20.5953	-4476
194	19400	170	20.6781	-4493
195	19500	175	20.8243	-4523
196	19600	180	20.8827	-4536
197	19700	185	21.0874	-4578
198	19800	190	21.1215	-4585
199	19900	195	21.2482	-4611
200	20000	200	21.2579	-4614
201	20100	205	21.4431	-4652
202	20200	210	21.4333	-4650
203	20300	215	21.5064	-4665
204	20400	220	21.4674	-4658
205	20500	225	21.6331	-4692
206	20600	230	21.5795	-4681
207	20700	235	21.6331	-4692
208	20800	240	21.5551	-4677
209	20900	245	21.6526	-4697
210	21000	250	21.5746	-4681
211	21100	255	21.5697	-4681
212	21200	260	21.5064	-4668
213	21300	265	21.7451	-4717
214	21400	270	21.6185	-4692
215	21500	275	21.5551	-4679
216	21600	280	21.4625	-4660
217	21700	285	21.5649	-4682
218	21800	290	21.4479	-4658
219	21900	295	21.4479	-4658
220	22000	300	21.3115	-4630
221	22100	305	21.4869	-4667
222	22200	310	21.3554	-4640
223	22300	315	21.3407	-4637
224	22400	320	21.2384	-4616
225	22500	325	21.2677	-4623
226	22600	330	21.1897	-4607
227	22700	335	21.1848	-4606
228	22800	340	21.0776	-4584
229	22900	345	21.1556	-4601
230	23000	350	21.0143	-4572
231	23100	355	21.0192	-4573
232	23200	360	20.9315	-4555
233	23300	365	21.0289	-4576
234	23400	370	20.8730	-4544
235	23500	375	20.8389	-4537
236	23600	380	20.7707	-4523
237	23700	385	20.9120	-4553
238	23800	390	20.7707	-4524
239	23900	395	20.8097	-4533
240	24000	400	20.6927	-4509
241	24100	405	20.8097	-4533
242	24200	410	20.7122	-4514
243	24300	415	20.6927	-4510
244	24400	420	20.5904	-4489
245	24500	425	20.7950	-4531
246	24600	430	20.6927	-4511
247	24700	435	20.6878	-4510
248	24800	440	20.6343	-4499
249	24900	445	20.7707	-4527
250	25000	450	20.6684	-4507
251	25100	455	20.6684	-4507
252	25200	460	20.6050	-4494
253	25300	465	20.7999	-4534
254	25400	470	20.7220	-4519
255	25500	475	20.7658	-4528
256	25600	480	20.6976	-4514
257	25700	485	20.7902	-4533
258	25800	490	20.7707	-4530
259	25900	495	20.8243	-4541
260	0	500	20.7707	-4530
261	100	495	19.4064	-4250
262	200	490	18.3832	-4040
263	300	485	17.6768	-3894
264	400	480	16.9849	-3752
265	500	475	16.5074	-3654
266	600	470	15.9763	-3545
267	700	465	15.5914	-3465
268	800	460	15.0360	-3351
269	900	455	14.7972	-3302
270	1000	450	14.4659	-3234
271	1100	445	14.2174	-3182
272	1200	440	13.7935	-3095
273	1300	435	13.6181	-3059
274	1400	430	13.3355	-3001
275	1500	425	13.1260	-2957
276	1600	420	12.7216	-2874
277	1700	415	12.5949	-2848
278	1800	410	12.4049	-2809
279	1900	405	12.2782	-2782
280	2000	400	12.0103	-2727
281	2100	395	11.9128	-2707
282	2200	390	11.7520	-2673
283	2300	385	11.6448	-2651
284	2400	380	11.3476	-2589
285	2500	375	11.2843	-2576
286	2600	370	11.1235	-2543
287	2700	365	10.9822	-2514
288	2800	360	10.7678	-2469
289	2900	355	10.6996	-2455
290	3000	350	10.5339	-2421
291	3100	345	10.4560	-2405
292	3200	340	10.2124	-2354
293	3300	335	10.1978	-2351
294	3400	330	10.0516	-2321
295	3500	325	9.9395	-2298
296	3600	320	9.7446	-2257
297	3700	315	9.6715	-2242
298	3800	310	9.4913	-2205
299	3900	305	9.4036	-2187
300	4000	300	9.1600	-2136
301	4100	295	9.0820	-2120
302	4200	290	8.9553	-2094
303	4300	285	8.8433	-2071
304	4400	280	8.6386	-2028
305	4500	275	8.5704	-2014
306	4600	270	8.4291	-1985
307	4700	265	8.3706	-1972
308	4800	260	8.0832	-1913
309	4900	255	8.0442	-1905
310	5000	250	7.9224	-1879
311	5100	245	7.8493	-1864
312	5200	240	7.6934	-1832
313	5300	235	7.6349	-1819
314	5400	230	7.4936	-1790
315	5500	225	7.4059	-1772
316	5600	220	7.1769	-1725
317	5700	215	7.1185	-1712
318	5800	210	6.9723	-1682
319	5900	205	6.8553	-1658
320	6000	200	6.6361	-1613
321	6100	195	6.5435	-1593
322	6200	190	6.3827	-1560
323	6300	185	6.2512	-1533
324	6400	180	6.0319	-1488
325	6500	175	5.9199	-1464
326	6600	170	5.7542	-1430
327	6700	165	5.6080	-1400
328	6800	160	5.3888	-1355
329	6900	155	5.2718	-1331
330	7000	150	5.1062	-1296
331	7100	145	4.9503	-1264
332	7200	140	4.7018	-1213
333	7300	135	4.5800	-1188
334	7400	130	4.4094	-1152
335	7500	125	4.2779	-1125
336	7600	120	4.0733	-1083
337	7700	115	3.9466	-1057
338	7800	110	3.7809	-1022
339	7900	105	3.6591	-997
340	8000	100	3.4204	-948
341	8100	95	3.3180	-927
342	8200	90	3.1524	-892
343	8300	85	3.0355	-868
344	8400	80	2.8795	-836
345	8500	75	2.7723	-814
346	8600	70	2.6408	-786
347	8700	65	2.5287	-763
348	8800	60	2.3631	-729
349	8900	55	2.2851	-712
350	9000	50	2.1633	-687
351	9100	45	2.0756	-668
352	9200	40	1.9538	-643
353	9300	35	1.8758	-627
354	9400	30	1.7687	-604
355	9500	25	1.7004	-589
356	9600	20	1.5932	-567
357	9700	15	1.5397	-555
358	9800	10	1.4568	-538
359	9900	5	1.3935	-524
360	10000	0	1.3155	-507
361	10100	-5	1.3789	-520
362	10200	-10	1.4081	-526
363	10300	-15	1.4276	-530
364	10400	-20	1.4617	-537
365	10500	-25	1.4812	-541
366	10600	-30	1.4909	-543
367	10700	-35	1.5007	-545
368	10800	-40	1.5153	-548
369	10900	-45	1.5348	-552
370	11000	-50	1.5397	-553
371	11100	-55	1.5543	-556
372	11200	-60	1.5640	-558
373	11300	-65	1.5591	-557
374	11400	-70	1.5445	-554
375	11500	-75	1.4909	-543
376	11600	-80	1.3594	-516
377	11700	-85	1.3155	-507
378	11800	-90	1.1645	-476
379	11900	-95	1.1109	-465
380	12000	-100	1.0183	-446
381	12100	-105	0.9257	-427
382	12200	-110	0.8575	-414
383	12300	-115	0.8234	-407
384	12400	-120	0.7308	-388
385	12500	-125	0.7162	-385
386	12600	-130	0.6626	-374
387	12700	-135	0.6237	-366
388	12800	-140	0.5506	-351
389	12900	-145	0.5213	-345
390	13000	-150	0.4775	-336
391	13100	-155	0.4531	-331
392	13200	-160	0.4190	-324
393	13300	-165	0.4044	-321
394	13400	-170	0.3313	-306
395	13500	-175	0.3216	-304
396	13600	-180	0.2826	-296
397	13700	-185	0.2777	-295
398	13800	-190	0.2290	-285
399	13900	-195	0.2387	-287
400	14000	-200	0.1900	-277
401	14100	-205	0.1803	-275
402	14200	-210	0.1608	-271
403	14300	-215	0.1510	-269
404	14400	-220	0.0974	-258
405	14500	-225	0.1267	-264
406	14600	-230	0.0877	-256
407	14700	-235	0.0926	-257
408	14800	-240	0.0780	-254
409	14900	-245	0.0341	-245
410	15000	-250	0.0390	-246
411	15100	-255	0.0097	-240
412	15200	-260	-0.0292	-232
413	15300	-265	-0.0097	-236
414	15400	-270	-0.0341	-231
415	15500	-275	-0.0439	-229
416	15600	-280	-0.0926	-219
417	15700	-285	-0.0877	-220
418	15800	-290	-0.1169	-214
419	15900	-295	-0.0926	-219
420	16000	-300	-0.1657	-204
421	16100	-305	-0.1851	-200
422	16200	-310	-0.1900	-199
423	16300	-315	-0.2241	-192
424	16400	-320	-0.2680	-184
425	16500	-325	-0.2436	-189
426	16600	-330	-0.2923	-179
427	16700	-335	-0.3021	-177
428	16800	-340	-0.3557	-166
429	16900	-345	-0.3947	-158
430	17000	-350	-0.4044	-156
431	17100	-355	-0.4434	-148
432	17200	-360	-0.4726	-143
433	17300	-365	-0.5067	-136
434	17400	-370	-0.5506	-127
435	17500	-375	-0.5944	-118
436	17600	-380	-0.6529	-106
437	17700	-385	-0.7065	-95
438	17800	-390	-0.7601	-84
439	17900	-395	-0.8332	-69
440	18000	-400	-0.9063	-54
441	18100	-405	-0.9696	-41
442	18200	-410	-1.0719	-20
443	18300	-415	-1.1401	-6
444	18400	-420	-1.2863	24
445	18500	-425	-1.4130	50
446	18600	-430	-1.5591	80
447	18700	-435	-1.6956	108
448	18800	-440	-1.9587	162
449	18900	-445	-2.1731	205
450	19000	-450	-2.4410	260
451	19100	-455	-2.7139	316
452	19200	-460	-3.1524	406
453	19300	-465	-3.4496	467
454	19400	-470	-3.8248	544
455	19500	-475	-4.1756	616
456	19600	-480	-4.6677	717
457	19700	-485	-5.0818	802
458	19800	-490	-5.5885	906
459	19900	-495	-6.0173	994
460	20000	-500	-6.7287	1140
461	20100	-505	-7.2744	1252
462	20200	-510	-7.8396	1368
463	20300	-515	-8.4291	1489
464	20400	-520	-9.1648	1639
465	20500	-525	-9.8031	1770
466	20600	-530	-10.4268	1898
467	20700	-535	-11.0748	2031
468	20800	-540	-11.9615	2212
469	20900	-545	-12.6388	2351
470	21000	-550	-13.3160	2490
471	21100	-555	-13.9835	2627
472	21200	-560	-14.7923	2793
473	21300	-565	-15.4452	2927
474	21400	-570	-16.2589	3094
475	21500	-575	-16.8485	3215
476	21600	-580	-17.7693	3404
477	21700	-585	-18.3881	3531
478	21800	-590	-19.0702	3671
479	21900	-595	-19.6257	3785
480	22000	-600	-20.3176	3927
481	22100	-605	-20.8048	4026
482	22200	-610	-21.3164	4131
483	22300	-615	-21.5649	4182
484	22400	-620	-22.1301	4298
485	22500	-625	-22.3055	4333
486	22600	-630	-22.5442	4382
487	22700	-635	-22.5247	4378
488	22800	-640	-22.6173	4397
489	22900	-645	-22.5003	4373
490	23000	-650	-22.4224	4357
491	23100	-655	-22.2178	4314
492	23200	-660	-22.1690	4304
493	23300	-665	-21.8767	4244
494	23400	-670	-21.6867	4205
495	23500	-675	-21.4333	4153
496	23600	-680	-21.2628	4118
497	23700	-685	-21.0679	4078
498	23800	-690	-20.8340	4030
499	23900	-695	-20.6489	3991
500	24000	-700	-20.5612	3973
501	24100	-705	-20.3370	3927
502	24200	-710	-20.1763	3894
503	24300	-715	-20.0350	3865
504	24400	-720	-19.9424	3846
505	24500	-725	-19.8108	3819
506	24600	-730	-19.6939	3794
507	24700	-735	-19.5721	3769
508	24800	-740	-19.6062	3776
509	24900	-745	-19.5526	3765
510	25000	-750	-19.5380	3761
511	25100	-755	-19.6208	3778
512	25200	-760	-19.8060	3816
513	25300	-765	-20.0496	3865
514	25400	-770	-20.4150	3940
515	25500	-775	-20.8486	4029
516	25600	-780	-21.6574	4194
517	25700	-785	-22.3103	4328
518	25800	-790	-23.1435	4499
519	25900	-795	-23.9523	4664
520	26000	-800	-24.8732	4853

Round :	1---------------------------------

521	0	-800	-15.4452	2918
522	100	-795	-14.9385	2814
523	200	-790	-14.5682	2739
524	300	-785	-14.1638	2656
525	400	-780	-13.8276	2587
526	500	-775	-13.3648	2493
527	600	-770	-13.0773	2434
528	700	-765	-12.7362	2364
529	800	-760	-12.4293	2302
530	900	-755	-12.0882	2232
531	1000	-750	-11.8154	2176
532	1100	-745	-11.5571	2124
533	1200	-740	-11.3184	2075
534	1300	-735	-10.9919	2008
535	1400	-730	-10.8117	1971
536	1500	-725	-10.5437	1917
537	1600	-720	-10.3780	1883
538	1700	-715	-10.1442	1835
539	1800	-710	-9.9931	1804
540	1900	-705	-9.8372	1772
541	2000	-700	-9.6715	1738
542	2100	-695	-9.4620	1695
543	2200	-690	-9.2769	1658
544	2300	-685	-9.0966	1621
545	2400	-680	-8.9310	1587
546	2500	-675	-8.6581	1531
547	2600	-670	-8.4632	1491
548	2700	-665	-8.1757	1432
549	2800	-660	-7.7762	1350
550	2900	-655	-7.2159	1235
551	3000	-650	-6.7676	1144
552	3100	-645	-6.0027	987
553	3200	-640	-5.2816	839
554	3300	-635	-4.1951	616
555	3400	-630	-3.1865	409
556	3500	-625	-2.0707	180
557	3600	-620	-0.9209	-55
558	3700	-615	0.7893	-406
559	3800	-610	1.8369	-621
560	3900	-605	3.0842	-877
561	4000	-600	4.1415	-1093
562	4100	-595	5.3060	-1332
563	4200	-590	6.0563	-1486
564	4300	-585	6.7384	-1626
565	4400	-580	6.9674	-1673
566	4500	-575	7.6154	-1806
567	4600	-570	7.1672	-1714
568	4700	-565	6.7092	-1620
569	4800	-560	5.8419	-1442
570	4900	-555	5.1549	-1301
571	5000	-550	3.9563	-1055
572	5100	-545	2.9478	-848
573	5200	-540	2.0610	-666
574	5300	-535	1.3204	-513
575	5400	-530	0.5408	-353
576	5500	-525	0.0244	-247
577	5600	-520	-0.4239	-155
578	5700	-515	-0.5896	-120
579	5800	-510	-0.8332	-70
580	5900	-505	-0.9063	-55
581	6000	-500	-1.0037	-35
582	6100	-495	-0.9598	-44
583	6200	-490	-0.9404	-48
584	6300	-485	-0.9014	-56
585	6400	-480	-0.7650	-84
586	6500	-475	-0.6285	-112
587	6600	-470	-0.4677	-145
588	6700	-465	-0.2777	-184
589	6800	-460	-0.0633	-228
590	6900	-455	0.3411	-311
591	7000	-450	0.5701	-358
592	7100	-445	0.9550	-437
593	7200	-440	1.2668	-500
594	7300	-435	1.8515	-620
595	7400	-430	2.2364	-699
596	7500	-425	2.7334	-801
597	7600	-420	3.3034	-918
598	7700	-415	4.1366	-1089
599	7800	-410	4.8187	-1229
600	7900	-405	5.7542	-1421
601	8000	-400	6.6556	-1606
602	8100	-395	7.9857	-1879
603	8200	-390	9.1648	-2121
604	8300	-385	10.6363	-2423
605	8400	-380	12.1516	-2734
606	8500	-375	14.0176	-3117
607	8600	-370	15.3868	-3398
608	8700	-365	16.7705	-3682
609	8800	-360	17.6816	-3869
610	8900	-355	19.3723	-4215
611	9000	-350	20.2542	-4396
612	9100	-345	21.1946	-4589
613	9200	-340	22.1154	-4778
614	9300	-335	23.1971	-5000
615	9400	-330	23.4212	-5046
616	9500	-325	24.0010	-5165
617	9600	-320	24.0546	-5176
618	9700	-315	24.7124	-5310
619	9800	-310	24.2154	-5208
620	9900	-305	24.2787	-5221
621	10000	-300	23.9328	-5150
622	10100	-295	24.3080	-5227
623	10200	-290	24.0351	-5171
624	10300	-285	23.7233	-5107
625	10400	-280	23.2653	-5013
626	10500	-275	23.2117	-5002
627	10600	-270	22.9925	-4957
628	10700	-265	22.5003	-4856
629	10800	-260	22.0911	-4772
630	10900	-255	22.3396	-4823
631	11000	-250	21.6818	-4688
632	11100	-245	21.3748	-4625
633	11200	-240	20.6099	-4468
634	11300	-235	20.4930	-4444
635	11400	-230	19.7377	-4289
636	11500	-225	19.5039	-4241
637	11600	-220	18.8705	-4111
638	11700	-215	18.7730	-4091
639	11800	-210	18.2176	-3977
640	11900	-205	17.9252	-3917
641	12000	-200	17.3601	-3801
642	12100	-195	17.2626	-3781
643	12200	-190	16.8728	-3701
644	12300	-185	16.4977	-3624
645	12400	-180	16.2735	-3578
646	12500	-175	16.1079	-3544
647	12600	-170	15.7960	-3480
648	12700	-165	15.6109	-3442
649	12800	-160	15.3673	-3392
650	12900	-155	15.3137	-3381
651	13000	-150	15.0116	-3319
652	13100	-145	14.9385	-3304
653	13200	-140	14.7534	-3266
654	13300	-135	14.9190	-3300
655	13400	-130	14.7729	-3270
656	13500	-125	14.6900	-3253
657	13600	-120	14.5828	-3231
658	13700	-115	14.7095	-3257
659	13800	-110	14.6316	-3241
660	13900	-105	14.4269	-3198
661	14000	-100	13.8130	-3072
662	14100	-95	13.0188	-2909
663	14200	-90	12.3562	-2773
664	14300	-85	11.8154	-2662
665	14400	-80	11.3671	-2570
666	14500	-75	10.9725	-2489
667	14600	-70	10.6363	-2420
668	14700	-65	10.3488	-2361
669	14800	-60	10.0808	-2306
670	14900	-55	9.8323	-2255
671	15000	-50	9.6228	-2212
672	15100	-45	9.4231	-2171
673	15200	-40	9.2428	-2134
674	15300	-35	9.0722	-2099
675	15400	-30	8.9163	-2067
676	15500	-25	8.7604	-2035
677	15600	-20	8.6240	-2007
678	15700	-15	8.5022	-1982
679	15800	-10	8.3609	-1953
680	15900	-5	8.2391	-1928
681	16000	0	8.1270	-1905
682	16100	5	8.5071	-1984
683	16200	10	8.7166	-2028
684	16300	15	8.9992	-2086
685	16400	20	9.1697	-2122
686	16500	25	9.4913	-2188
687	16600	30	9.6862	-2229
688	16700	35	9.9541	-2285
689	16800	40	10.1442	-2324
690	16900	45	10.4901	-2395
691	17000	50	10.6899	-2437
692	17100	55	10.9481	-2490
693	17200	60	11.1576	-2534
694	17300	65	11.5328	-2611
695	17400	70	11.7520	-2656
696	17500	75	12.0297	-2714
697	17600	80	12.2636	-2762
698	17700	85	12.6144	-2834
699	17800	90	12.8629	-2885
700	17900	95	13.1699	-2949
701	18000	100	13.3891	-2994
702	18100	105	13.8812	-3095
703	18200	110	14.1054	-3141
704	18300	115	14.4269	-3208
705	18400	120	14.6657	-3257
706	18500	125	15.0993	-3346
707	18600	130	15.3332	-3394
708	18700	135	15.6353	-3457
709	18800	140	15.8740	-3506
710	18900	145	16.3710	-3608
711	19000	150	16.5854	-3652
712	19100	155	16.9215	-3722
713	19200	160	17.1505	-3769
714	19300	165	17.5501	-3851
715	19400	170	17.7888	-3900
716	19500	175	18.1201	-3968
717	19600	180	18.3248	-4011
718	19700	185	18.7243	-4093
719	19800	190	18.9387	-4137
720	19900	195	19.2554	-4202
721	20000	200	19.4357	-4240
722	20100	205	19.8449	-4324
723	20200	210	20.0593	-4368
724	20300	215	20.3614	-4430
725	20400	220	20.5271	-4465
726	20500	225	20.9217	-4546
727	20600	230	21.0971	-4582
728	20700	235	21.3700	-4638
729	20800	240	21.5113	-4668
730	20900	245	21.8328	-4734
731	21000	250	21.9936	-4767
732	21100	255	22.2226	-4815
733	21200	260	22.3249	-4836
734	21300	265	22.7976	-4933
735	21400	270	22.8853	-4952
736	21500	275	23.0655	-4989
737	21600	280	23.1825	-5013
738	21700	285	23.4407	-5067
739	21800	290	23.5430	-5088
740	21900	295	23.6697	-5114
741	22000	300	23.7282	-5126
742	22100	305	24.0449	-5192
743	22200	310	24.0595	-5195
744	22300	315	24.1764	-5219
745	22400	320	24.1618	-5216
746	22500	325	24.3470	-5255
747	22600	330	24.3031	-5246
748	22700	335	24.3470	-5255
749	22800	340	24.2982	-5245
750	22900	345	24.4736	-5282
751	23000	350	24.4200	-5271
752	23100	355	24.4249	-5272
753	23200	360	24.2836	-5243
754	23300	365	24.3811	-5264
755	23400	370	24.2300	-5233
756	23500	375	24.1764	-5222
757	23600	380	24.0351	-5193
758	23700	385	24.1033	-5208
759	23800	390	23.9084	-5168
760	23900	395	23.8110	-5149
761	24000	400	23.6210	-5110
762	24100	405	23.5869	-5103
763	24200	410	23.3774	-5061
764	24300	415	23.2556	-5036
765	24400	420	23.0460	-4993
766	24500	425	23.1143	-5007
767	24600	430	22.8560	-4955
768	24700	435	22.7537	-4934
769	24800	440	22.5539	-4893
770	24900	445	22.5345	-4889
771	25000	450	22.2957	-4841
772	25100	455	22.1301	-4807
773	25200	460	21.8962	-4759
774	25300	465	21.9400	-4768
775	25400	470	21.7110	-4722
776	25500	475	21.5990	-4699
777	25600	480	21.3164	-4641
778	25700	485	21.3018	-4638
779	25800	490	21.0874	-4595
780	25900	495	20.9753	-4572
781	0	500	20.7755	-4531
782	100	495	19.3285	-4234
783	200	490	18.2614	-4015
784	300	485	17.5111	-3860
785	400	480	16.7218	-3698
786	500	475	16.1956	-3590
787	600	470	15.6158	-3471
788	700	465	15.1967	-3384
789	800	460	14.6510	-3272
790	900	455	14.4074	-3222
791	1000	450	14.0030	-3139
792	1100	445	13.7107	-3078
793	1200	440	13.2917	-2992
794	1300	435	13.0822	-2949
795	1400	430	12.7850	-2888
796	1500	425	12.5560	-2840
797	1600	420	12.1418	-2755
798	1700	415	11.9810	-2722
799	1800	410	11.7277	-2670
800	1900	405	11.5669	-2636
801	2000	400	11.2502	-2571
802	2100	395	11.1235	-2545
803	2200	390	10.8750	-2493
804	2300	385	10.7191	-2461
805	2400	380	10.3829	-2391
806	2500	375	10.2708	-2368
807	2600	370	10.0418	-2321
808	2700	365	9.8908	-2290
809	2800	360	9.6131	-2232
810	2900	355	9.4767	-2204
811	3000	350	9.2623	-2160
812	3100	345	9.1112	-2129
813	3200	340	8.8286	-2070
814	3300	335	8.7020	-2044
815	3400	330	8.4730	-1997
816	3500	325	8.3268	-1967
817	3600	320	8.0783	-1915
818	3700	315	7.9321	-1885
819	3800	310	7.7080	-1839
820	3900	305	7.5423	-1805
821	4000	300	7.2403	-1742
822	4100	295	7.1331	-1720
823	4200	290	6.9382	-1680
824	4300	285	6.7774	-1647
825	4400	280	6.5192	-1593
826	4500	275	6.3925	-1567
827	4600	270	6.1537	-1518
828	4700	265	6.0271	-1491
829	4800	260	5.6957	-1423
830	4900	255	5.6275	-1409
831	5000	250	5.4229	-1366
832	5100	245	5.2767	-1336
833	5200	240	5.0380	-1287
834	5300	235	4.9259	-1263
835	5400	230	4.7456	-1226
836	5500	225	4.6141	-1199
837	5600	220	4.3364	-1142
838	5700	215	4.2487	-1123
839	5800	210	4.0830	-1089
840	5900	205	3.9514	-1062
841	6000	200	3.7371	-1018
842	6100	195	3.6396	-997
843	6200	190	3.4691	-962
844	6300	185	3.3424	-936
845	6400	180	3.1670	-900
846	6500	175	3.0793	-881
847	6600	170	2.9234	-849
848	6700	165	2.8065	-825
849	6800	160	2.6359	-790
850	6900	155	2.5482	-772
851	7000	150	2.4069	-742
852	7100	145	2.3143	-723
853	7200	140	2.0951	-678
854	7300	135	2.0512	-669
855	7400	130	1.9392	-645
856	7500	125	1.8661	-630
857	7600	120	1.7199	-600
858	7700	115	1.6615	-588
859	7800	110	1.5591	-566
860	7900	105	1.5007	-554
861	8000	100	1.3496	-523
862	8100	95	1.3253	-518
863	8200	90	1.2327	-498
864	8300	85	1.1937	-490
865	8400	80	1.0963	-470
866	8500	75	1.0768	-466
867	8600	70	1.0037	-450
868	8700	65	0.9696	-443
869	8800	60	0.8721	-423
870	8900	55	0.8527	-418
871	9000	50	0.7991	-407
872	9100	45	0.7698	-400
873	9200	40	0.7016	-386
874	9300	35	0.6870	-383
875	9400	30	0.6529	-375
876	9500	25	0.6139	-366
877	9600	20	0.5603	-355
878	9700	15	0.5506	-352
879	9800	10	0.5067	-343
880	9900	5	0.4921	-339
881	10000	0	0.4336	-326
882	10100	-5	0.5262	-345
883	10200	-10	0.5554	-351
884	10300	-15	0.5749	-355
885	10400	-20	0.5944	-359
886	10500	-25	0.6042	-361
887	10600	-30	0.6188	-364
888	10700	-35	0.6237	-365
889	10800	-40	0.6188	-364
890	10900	-45	0.6383	-368
891	11000	-50	0.6042	-361
892	11100	-55	0.5701	-354
893	11200	-60	0.4970	-339
894	11300	-65	0.4677	-333
895	11400	-70	0.3995	-319
896	11500	-75	0.3508	-309
897	11600	-80	0.3070	-300
898	11700	-85	0.2534	-289
899	11800	-90	0.2534	-289
900	11900	-95	0.2241	-283
901	12000	-100	0.1413	-266
902	12100	-105	0.1267	-263
903	12200	-110	0.1023	-259
904	12300	-115	0.0877	-256
905	12400	-120	0.0536	-249
906	12500	-125	0.0390	-246
907	12600	-130	-0.0000	-238
908	12700	-135	-0.0097	-236
909	12800	-140	-0.0195	-234
910	12900	-145	-0.0146	-235
911	13000	-150	-0.0195	-234
912	13100	-155	-0.0244	-233
913	13200	-160	-0.0146	-235
914	13300	-165	-0.0195	-234
915	13400	-170	-0.0244	-233
916	13500	-175	-0.0244	-233
917	13600	-180	-0.0390	-230
918	13700	-185	-0.0439	-229
919	13800	-190	-0.0536	-227
920	13900	-195	-0.0536	-227
921	14000	-200	-0.0633	-225
922	14100	-205	-0.0585	-226
923	14200	-210	-0.0780	-222
924	14300	-215	-0.0780	-222
925	14400	-220	-0.0780	-222
926	14500	-225	-0.1023	-217
927	14600	-230	-0.0926	-219
928	14700	-235	-0.0974	-218
929	14800	-240	-0.0974	-218
930	14900	-245	-0.1023	-217
931	15000	-250	-0.1169	-214
932	15100	-255	-0.1121	-215
933	15200	-260	-0.1462	-208
934	15300	-265	-0.1218	-213
935	15400	-270	-0.1413	-209
936	15500	-275	-0.1267	-212
937	15600	-280	-0.1316	-211
938	15700	-285	-0.1510	-207
939	15800	-290	-0.1413	-209
940	15900	-295	-0.1413	-209
941	16000	-300	-0.1510	-207
942	16100	-305	-0.1754	-202
943	16200	-310	-0.1705	-203
944	16300	-315	-0.1803	-201
945	16400	-320	-0.1851	-201
946	16500	-325	-0.1998	-198
947	16600	-330	-0.1900	-200
948	16700	-335	-0.2095	-196
949	16800	-340	-0.2387	-190
950	16900	-345	-0.2387	-190
951	17000	-350	-0.2485	-188
952	17100	-355	-0.2728	-183
953	17200	-360	-0.2923	-180
954	17300	-365	-0.2972	-179
955	17400	-370	-0.3313	-172
956	17500	-375	-0.3362	-171
957	17600	-380	-0.3752	-163
958	17700	-385	-0.4044	-157
959	17800	-390	-0.4385	-150
960	17900	-395	-0.4824	-141
961	18000	-400	-0.5165	-134
962	18100	-405	-0.5506	-127
963	18200	-410	-0.6188	-113
964	18300	-415	-0.6529	-106
965	18400	-420	-0.7650	-83
966	18500	-425	-0.8478	-66
967	18600	-430	-0.9306	-49
968	18700	-435	-1.0086	-33
969	18800	-440	-1.1547	-3
970	18900	-445	-1.2960	25
971	19000	-450	-1.4568	58
972	19100	-455	-1.5689	81
973	19200	-460	-1.7979	128
974	19300	-465	-1.9197	153
975	19400	-470	-2.1000	190
976	19500	-475	-2.2510	221
977	19600	-480	-2.4654	265
978	19700	-485	-2.6408	301
979	19800	-490	-2.8259	339
980	19900	-495	-3.0111	377
981	20000	-500	-3.2547	427
982	20100	-505	-3.4496	467
983	20200	-510	-3.6542	509
984	20300	-515	-3.8637	552
985	20400	-520	-4.1074	601
986	20500	-525	-4.2925	639
987	20600	-530	-4.5459	691
988	20700	-535	-4.7651	736
989	20800	-540	-5.0721	798
990	20900	-545	-5.3011	845
991	21000	-550	-5.5544	897
992	21100	-555	-5.7834	944
993	21200	-560	-6.0904	1007
994	21300	-565	-6.3340	1057
995	21400	-570	-6.6361	1119
996	21500	-575	-6.8505	1163
997	21600	-580	-7.2013	1235
998	21700	-585	-7.4498	1286
999	21800	-590	-7.7567	1349
1000	21900	-595	-8.0247	1404
1001	22000	-600	-8.3463	1470
1002	22100	-605	-8.6435	1530
1003	22200	-610	-8.9553	1594
1004	22300	-615	-9.2087	1646
1005	22400	-620	-9.5595	1718
1006	22500	-625	-9.8762	1782
1007	22600	-630	-10.1490	1838
1008	22700	-635	-10.3585	1881
1009	22800	-640	-10.6704	1945
1010	22900	-645	-10.8701	1986
1011	23000	-650	-11.0845	2030
1012	23100	-655	-11.2550	2064
1013	23200	-660	-11.4840	2111
1014	23300	-665	-11.5669	2128
1015	23400	-670	-11.6497	2145
1016	23500	-675	-11.6594	2147
1017	23600	-680	-11.7861	2173
1018	23700	-685	-11.7715	2170
1019	23800	-690	-11.7764	2171
1020	23900	-695	-11.7325	2161
1021	24000	-700	-11.7861	2172
1022	24100	-705	-11.7715	2169
1023	24200	-710	-11.7277	2160
1024	24300	-715	-11.7082	2156
1025	24400	-720	-11.7764	2170
1026	24500	-725	-11.7520	2165
1027	24600	-730	-11.8056	2175
1028	24700	-735	-11.8543	2185
1029	24800	-740	-11.9908	2213
1030	24900	-745	-12.1272	2241
1031	25000	-750	-12.3806	2292
1032	25100	-755	-12.6339	2344
1033	25200	-760	-13.0627	2432
1034	25300	-765	-13.5450	2530
1035	25400	-770	-14.0956	2643
1036	25500	-775	-14.8021	2788
1037	25600	-780	-15.7230	2976
1038	25700	-785	-16.6097	3158
1039	25800	-790	-17.5842	3358
1040	25900	-795	-18.5684	3559
1041	26000	-800	-19.6013	3771
1042	0	-800	-14.9093	2808
1043	100	-795	-14.4708	2718
1044	200	-790	-14.1054	2644
1045	300	-785	-13.6912	2559
1046	400	-780	-13.4086	2501
1047	500	-775	-12.9457	2407
1048	600	-770	-12.7021	2357
1049	700	-765	-12.3513	2285
1050	800	-760	-12.0639	2227
1051	900	-755	-11.7082	2154
1052	1000	-750	-11.4597	2103
1053	1100	-745	-11.1868	2048
1054	1200	-740	-10.9237	1994
1055	1300	-735	-10.5681	1921
1056	1400	-730	-10.3001	1866
1057	1500	-725	-10.0759	1821
1058	1600	-720	-9.8713	1779
1059	1700	-715	-9.5985	1723
1060	1800	-710	-9.4523	1693
1061	1900	-705	-9.1989	1641
1062	2000	-700	-9.0771	1616
1063	2100	-695	-8.8433	1568
1064	2200	-690	-8.6971	1539
1065	2300	-685	-8.5704	1513
1066	2400	-680	-8.4194	1482
1067	2500	-675	-8.1465	1426
1068	2600	-670	-8.0247	1401
1069	2700	-665	-7.7470	1344
1070	2800	-660	-7.5472	1303
1071	2900	-655	-7.1087	1213
1072	3000	-650	-6.7482	1140
1073	3100	-645	-6.2853	1045
1074	3200	-640	-5.7250	930
1075	3300	-635	-4.9893	779
1076	3400	-630	-4.2828	634
1077	3500	-625	-3.3180	436
1078	3600	-620	-2.5336	276
1079	3700	-615	-1.1499	-8
1080	3800	-610	-0.4580	-150
1081	3900	-605	0.5116	-349
1082	4000	-600	1.0914	-467
1083	4100	-595	2.0123	-656
1084	4200	-590	2.4946	-755
1085	4300	-585	3.1183	-883
1086	4400	-580	3.4496	-951
1087	4500	-575	4.1317	-1091
1088	4600	-570	4.1951	-1104
1089	4700	-565	4.3364	-1133
1090	4800	-560	4.0099	-1066
1091	4900	-555	3.7858	-1020
1092	5000	-550	3.1621	-892
1093	5100	-545	2.7236	-802
1094	5200	-540	2.0074	-655
1095	5300	-535	1.7053	-592
1096	5400	-530	1.1109	-470
1097	5500	-525	0.6383	-373
1098	5600	-520	0.3216	-308
1099	5700	-515	0.1462	-271
1100	5800	-510	-0.0195	-237
1101	5900	-505	-0.1121	-218
1102	6000	-500	-0.2095	-198
1103	6100	-495	-0.0974	-221
1104	6200	-490	-0.0974	-221
1105	6300	-485	-0.0390	-233
1106	6400	-480	0.0487	-251
1107	6500	-475	0.2534	-293
1108	6600	-470	0.3459	-312
1109	6700	-465	0.6334	-371
1110	6800	-460	0.7650	-398
1111	6900	-455	1.1401	-475
1112	7000	-450	1.3984	-528
1113	7100	-445	1.7687	-604
1114	7200	-440	2.0854	-668
1115	7300	-435	2.6700	-788
1116	7400	-430	3.0598	-868
1117	7500	-425	3.6689	-993
1118	7600	-420	4.2438	-1111
1119	7700	-415	5.1939	-1306
1120	7800	-410	6.0271	-1477
1121	7900	-405	7.1769	-1713
1122	8000	-400	8.4145	-1967
1123	8100	-395	9.9493	-2282
1124	8200	-390	11.4694	-2594
1125	8300	-385	13.3501	-2980
1126	8400	-380	14.9385	-3306
1127	8500	-375	17.3260	-3796
1128	8600	-370	18.7438	-4087
1129	8700	-365	20.3176	-4410
1130	8800	-360	20.7999	-4509
1131	8900	-355	21.6477	-4682
1132	9000	-350	21.6282	-4678
1133	9100	-345	21.6964	-4692
1134	9200	-340	21.2482	-4600
1135	9300	-335	20.9558	-4540
1136	9400	-330	20.2347	-4392
1137	9500	-325	19.3577	-4212
1138	9600	-320	18.4709	-4030
1139	9700	-315	17.6475	-3860
1140	9800	-310	16.7510	-3676
1141	9900	-305	15.9909	-3520
1142	10000	-300	15.2650	-3371
1143	10100	-295	14.9970	-3316
1144	10200	-290	14.3441	-3182
1145	10300	-285	13.9153	-3094
1146	10400	-280	13.4719	-3003
1147	10500	-275	13.3160	-2971
1148	10600	-270	12.9165	-2889
1149	10700	-265	12.7557	-2856
1150	10800	-260	12.4293	-2789
1151	10900	-255	12.5365	-2811
1152	11000	-250	12.1710	-2736
1153	11100	-245	11.9128	-2683
1154	11200	-240	11.6887	-2637
1155	11300	-235	11.6302	-2625
1156	11400	-230	11.2940	-2556
1157	11500	-225	11.1673	-2530
1158	11600	-220	10.9335	-2482
1159	11700	-215	10.9383	-2483
1160	11800	-210	10.7824	-2451
1161	11900	-205	10.6265	-2419
1162	12000	-200	10.4073	-2374
1163	12100	-195	10.3878	-2370
1164	12200	-190	10.2172	-2335
1165	12300	-185	10.1978	-2331
1166	12400	-180	10.0321	-2297
1167	12500	-175	10.0613	-2303
1168	12600	-170	9.9054	-2271
1169	12700	-165	9.9346	-2277
1170	12800	-160	9.7787	-2245
1171	12900	-155	9.8713	-2264
1172	13000	-150	9.7495	-2239
1173	13100	-145	9.7739	-2244
1174	13200	-140	9.7008	-2229
1175	13300	-135	9.9103	-2272
1176	13400	-130	9.8664	-2263
1177	13500	-125	9.8908	-2268
1178	13600	-120	9.9249	-2275
1179	13700	-115	10.1393	-2319
1180	13800	-110	10.1442	-2320
1181	13900	-105	10.3439	-2360
1182	14000	-100	10.3683	-2365
1183	14100	-95	10.7532	-2444
1184	14200	-90	10.8263	-2459
1185	14300	-85	11.0602	-2507
1186	14400	-80	11.2843	-2553
1187	14500	-75	11.7764	-2654
1188	14600	-70	11.9859	-2697
1189	14700	-65	12.2246	-2746
1190	14800	-60	12.5608	-2815
1191	14900	-55	13.2381	-2954
1192	15000	-50	13.6035	-3029
1193	15100	-45	14.0566	-3122
1194	15200	-40	14.5195	-3217
1195	15300	-35	14.9678	-3309
1196	15400	-30	15.0896	-3334
1197	15500	-25	14.3149	-3175
1198	15600	-20	12.5657	-2816
1199	15700	-15	11.2307	-2542
1200	15800	-10	10.2221	-2335
1201	15900	-5	9.4084	-2168
1202	16000	0	8.7897	-2041
1203	16100	5	8.7994	-2044
1204	16200	10	8.6825	-2021
1205	16300	15	8.6240	-2009
1206	16400	20	8.5217	-1989
1207	16500	25	8.5899	-2003
1208	16600	30	8.5363	-1993
1209	16700	35	8.5801	-2003
1210	16800	40	8.5753	-2002
1211	16900	45	8.7068	-2029
1212	17000	50	8.7409	-2037
1213	17100	55	8.8384	-2057
1214	17200	60	8.8774	-2066
1215	17300	65	9.0917	-2110
1216	17400	70	9.1794	-2128
1217	17500	75	9.3207	-2158
1218	17600	80	9.3987	-2174
1219	17700	85	9.6374	-2223
1220	17800	90	9.7495	-2246
1221	17900	95	9.9103	-2280
1222	18000	100	10.0175	-2302
1223	18100	105	10.3683	-2374
1224	18200	110	10.4998	-2401
1225	18300	115	10.7142	-2446
1226	18400	120	10.8555	-2475
1227	18500	125	11.1576	-2537
1228	18600	130	11.2940	-2565
1229	18700	135	11.5279	-2614
1230	18800	140	11.7082	-2651
1231	18900	145	12.0980	-2731
1232	19000	150	12.2587	-2764
1233	19100	155	12.5170	-2818
1234	19200	160	12.7119	-2858
1235	19300	165	13.0286	-2923
1236	19400	170	13.2186	-2962
1237	19500	175	13.4573	-3011
1238	19600	180	13.6376	-3049
1239	19700	185	13.9982	-3123
1240	19800	190	14.1736	-3159
1241	19900	195	14.4318	-3212
1242	20000	200	14.5926	-3246
1243	20100	205	14.9385	-3317
1244	20200	210	15.1090	-3352
1245	20300	215	15.3429	-3400
1246	20400	220	15.4793	-3429
1247	20500	225	15.8204	-3499
1248	20600	230	15.9714	-3530
1249	20700	235	16.2004	-3577
1250	20800	240	16.3223	-3603
1251	20900	245	16.5805	-3656
1252	21000	250	16.7120	-3683
1253	21100	255	16.8680	-3716
1254	21200	260	16.9654	-3736
1255	21300	265	17.3503	-3815
1256	21400	270	17.4234	-3831
1257	21500	275	17.5696	-3861
1258	21600	280	17.6232	-3872
1259	21700	285	17.8570	-3921
1260	21800	290	17.9155	-3933
1261	21900	295	18.0129	-3953
1262	22000	300	18.0665	-3964
1263	22100	305	18.3540	-4024
1264	22200	310	18.3540	-4024
1265	22300	315	18.4953	-4053
1266	22400	320	18.5148	-4057
1267	22500	325	18.6999	-4096
1268	22600	330	18.7438	-4105
1269	22700	335	18.8753	-4132
1270	22800	340	18.8997	-4137
1271	22900	345	19.1043	-4180
1272	23000	350	19.1531	-4190
1273	23100	355	19.2797	-4216
1274	23200	360	19.2944	-4219
1275	23300	365	19.4795	-4258
1276	23400	370	19.5185	-4266
1277	23500	375	19.6159	-4286
1278	23600	380	19.6257	-4288
1279	23700	385	19.8449	-4334
1280	23800	390	19.7962	-4324
1281	23900	395	19.8937	-4345
1282	24000	400	19.8596	-4338
1283	24100	405	19.9667	-4360
1284	24200	410	19.8352	-4334
1285	24300	415	19.8449	-4336
1286	24400	420	19.7231	-4311
1287	24500	425	19.8888	-4345
1288	24600	430	19.7231	-4312
1289	24700	435	19.6647	-4300
1290	24800	440	19.4746	-4261
1291	24900	445	19.4990	-4266
1292	25000	450	19.2700	-4220
1293	25100	455	19.1823	-4202
1294	25200	460	18.9582	-4156
1295	25300	465	18.9972	-4164
1296	25400	470	18.8023	-4125
1297	25500	475	18.6658	-4097
1298	25600	480	18.4563	-4054
1299	25700	485	18.3979	-4042
1300	25800	490	18.1640	-3995
1301	25900	495	18.0860	-3979
1302	0	500	17.8619	-3933
1303	100	495	16.2589	-3604
1304	200	490	15.1870	-3384
1305	300	485	14.3636	-3214
1306	400	480	13.4866	-3034
1307	500	475	12.8824	-2910
1308	600	470	12.1516	-2760
1309	700	465	11.6156	-2649
1310	800	460	10.8458	-2491
1311	900	455	10.4755	-2415
1312	1000	450	9.9834	-2314
1313	1100	445	9.5644	-2227
1314	1200	440	9.0040	-2112
1315	1300	435	8.6971	-2049
1316	1400	430	8.2440	-1956
1317	1500	425	7.9467	-1894
1318	1600	420	7.3572	-1773
1319	1700	415	7.1915	-1739
1320	1800	410	6.8261	-1664
1321	1900	405	6.5581	-1608
1322	2000	400	6.1830	-1531
1323	2100	395	5.9881	-1491
1324	2200	390	5.6762	-1426
1325	2300	385	5.4765	-1385
1326	2400	380	5.0477	-1296
1327	2500	375	4.9551	-1277
1328	2600	370	4.6969	-1224
1329	2700	365	4.5069	-1185
1330	2800	360	4.1804	-1117
1331	2900	355	4.1366	-1108
1332	3000	350	3.8540	-1050
1333	3100	345	3.7176	-1022
1334	3200	340	3.4204	-960
1335	3300	335	3.3132	-938
1336	3400	330	3.1232	-899
1337	3500	325	2.9916	-872
1338	3600	320	2.7431	-820
1339	3700	315	2.6798	-807
1340	3800	310	2.4800	-766
1341	3900	305	2.4021	-750
1342	4000	300	2.1097	-689
1343	4100	295	2.0902	-685
1344	4200	290	1.9392	-654
1345	4300	285	1.8320	-632
1346	4400	280	1.6127	-586
1347	4500	275	1.6468	-593
1348	4600	270	1.4666	-556
1349	4700	265	1.3984	-541
1350	4800	260	1.0817	-476
1351	4900	255	1.1694	-494
1352	5000	250	1.0281	-464
1353	5100	245	0.9891	-456
1354	5200	240	0.8185	-421
1355	5300	235	0.8088	-418
1356	5400	230	0.6821	-392
1357	5500	225	0.6773	-391
1358	5600	220	0.4483	-344
1359	5700	215	0.5603	-366
1360	5800	210	0.4288	-339
1361	5900	205	0.3800	-329
1362	6000	200	0.2339	-299
1363	6100	195	0.3021	-312
1364	6200	190	0.1900	-289
1365	6300	185	0.2241	-296
1366	6400	180	0.0780	-266
1367	6500	175	0.1121	-272
1368	6600	170	0.0390	-257
1369	6700	165	0.0731	-264
1370	6800	160	-0.0487	-239
1371	6900	155	0.0097	-251
1372	7000	150	-0.0633	-235
1373	7100	145	-0.0536	-237
1374	7200	140	-0.2193	-203
1375	7300	135	-0.1072	-226
1376	7400	130	-0.1510	-216
1377	7500	125	-0.1072	-225
1378	7600	120	-0.2241	-201
1379	7700	115	-0.1657	-213
1380	7800	110	-0.1803	-209
1381	7900	105	-0.1803	-209
1382	8000	100	-0.2728	-190
1383	8100	95	-0.1949	-206
1384	8200	90	-0.2193	-200
1385	8300	85	-0.1754	-209
1386	8400	80	-0.2436	-195
1387	8500	75	-0.1657	-211
1388	8600	70	-0.1998	-203
1389	8700	65	-0.1998	-203
1390	8800	60	-0.2680	-189
1391	8900	55	-0.1851	-205
1392	9000	50	-0.1803	-206
1393	9100	45	-0.1803	-205
1394	9200	40	-0.2095	-199
1395	9300	35	-0.1754	-206
1396	9400	30	-0.1657	-207
1397	9500	25	-0.1169	-216
1398	9600	20	-0.1754	-204
1399	9700	15	-0.1169	-215
1400	9800	10	-0.0633	-226
1401	9900	5	-0.0682	-224
1402	10000	0	-0.0828	-220
1403	10100	-5	-0.0097	-235
1404	10200	-10	0.0195	-241
1405	10300	-15	0.0292	-243
1406	10400	-20	0.0244	-242
1407	10500	-25	0.0195	-241
1408	10600	-30	0.0049	-238
1409	10700	-35	0.0049	-238
1410	10800	-40	0.0146	-240
1411	10900	-45	-0.0292	-231
1412	11000	-50	-0.0536	-226
1413	11100	-55	-0.0926	-218
1414	11200	-60	-0.1072	-215
1415	11300	-65	-0.0682	-223
1416	11400	-70	-0.1218	-212
1417	11500	-75	-0.1072	-215
1418	11600	-80	-0.1608	-204
1419	11700	-85	-0.1608	-204
1420	11800	-90	-0.2387	-188
1421	11900	-95	-0.2241	-191
1422	12000	-100	-0.3021	-175
1423	12100	-105	-0.3752	-160
1424	12200	-110	-0.4093	-154
1425	12300	-115	-0.4385	-148
1426	12400	-120	-0.4726	-141
1427	12500	-125	-0.4775	-140
1428	12600	-130	-0.4824	-139
1429	12700	-135	-0.4288	-150
1430	12800	-140	-0.4336	-149
1431	12900	-145	-0.3703	-162
1432	13000	-150	-0.3411	-168
1433	13100	-155	-0.2972	-177
1434	13200	-160	-0.2728	-182
1435	13300	-165	-0.2485	-187
1436	13400	-170	-0.2387	-189
1437	13500	-175	-0.2241	-192
1438	13600	-180	-0.2485	-187
1439	13700	-185	-0.2534	-186
1440	13800	-190	-0.2534	-186
1441	13900	-195	-0.2582	-185
1442	14000	-200	-0.2680	-183
1443	14100	-205	-0.2582	-185
1444	14200	-210	-0.2631	-184
1445	14300	-215	-0.2777	-181
1446	14400	-220	-0.2631	-184
1447	14500	-225	-0.2923	-178
1448	14600	-230	-0.2777	-181
1449	14700	-235	-0.2826	-180
1450	14800	-240	-0.2777	-181
1451	14900	-245	-0.2777	-181
1452	15000	-250	-0.2631	-184
1453	15100	-255	-0.2777	-181
1454	15200	-260	-0.2826	-180
1455	15300	-265	-0.2875	-179
1456	15400	-270	-0.2826	-180
1457	15500	-275	-0.2680	-183
1458	15600	-280	-0.2680	-183
1459	15700	-285	-0.2631	-184
1460	15800	-290	-0.2680	-183
1461	15900	-295	-0.2485	-187
1462	16000	-300	-0.2631	-184
1463	16100	-305	-0.2680	-183
1464	16200	-310	-0.2582	-185
1465	16300	-315	-0.2582	-185
1466	16400	-320	-0.2534	-187
1467	16500	-325	-0.2631	-185
1468	16600	-330	-0.2582	-186
1469	16700	-335	-0.2680	-184
1470	16800	-340	-0.2826	-181
1471	16900	-345	-0.2875	-180
1472	17000	-350	-0.2972	-178
1473	17100	-355	-0.2875	-180
1474	17200	-360	-0.3118	-176
1475	17300	-365	-0.3070	-177
1476	17400	-370	-0.3216	-174
1477	17500	-375	-0.3264	-173
1478	17600	-380	-0.3849	-161
1479	17700	-385	-0.3995	-158
1480	17800	-390	-0.4190	-154
1481	17900	-395	-0.4434	-149
1482	18000	-400	-0.4824	-141
1483	18100	-405	-0.5067	-136
1484	18200	-410	-0.5506	-127
1485	18300	-415	-0.6042	-116
1486	18400	-420	-0.6529	-106
1487	18500	-425	-0.7114	-94
1488	18600	-430	-0.7844	-79
1489	18700	-435	-0.8478	-66
1490	18800	-440	-0.9404	-47
1491	18900	-445	-1.0232	-31
1492	19000	-450	-1.1011	-15
1493	19100	-455	-1.1694	-1
1494	19200	-460	-1.2571	17
1495	19300	-465	-1.3496	36
1496	19400	-470	-1.4227	51
1497	19500	-475	-1.4714	61
1498	19600	-480	-1.5981	87
1499	19700	-485	-1.6517	98
1500	19800	-490	-1.7297	114
1501	19900	-495	-1.8125	131
1502	20000	-500	-1.9246	154
1503	20100	-505	-2.0074	171
1504	20200	-510	-2.1000	190
1505	20300	-515	-2.1536	201
1506	20400	-520	-2.2656	223
1507	20500	-525	-2.3923	249
1508	20600	-530	-2.4995	271
1509	20700	-535	-2.5872	289
1510	20800	-540	-2.7334	318
1511	20900	-545	-2.8308	338
1512	21000	-550	-2.9234	357
1513	21100	-555	-3.0647	386
1514	21200	-560	-3.2011	414
1515	21300	-565	-3.3180	438
1516	21400	-570	-3.4691	469
1517	21500	-575	-3.6006	496
1518	21600	-580	-3.7858	534
1519	21700	-585	-3.8979	557
1520	21800	-590	-4.0635	591
1521	21900	-595	-4.1853	616
1522	22000	-600	-4.3851	657
1523	22100	-605	-4.5459	689
1524	22200	-610	-4.6969	720
1525	22300	-615	-4.8333	748
1526	22400	-620	-5.0282	788
1527	22500	-625	-5.1695	816
1528	22600	-630	-5.3839	860
1529	22700	-635	-5.5203	888
1530	22800	-640	-5.7152	928
1531	22900	-645	-5.9004	966
1532	23000	-650	-6.0612	999
1533	23100	-655	-6.2463	1036
1534	23200	-660	-6.4656	1081
1535	23300	-665	-6.6507	1119
1536	23400	-670	-6.8164	1153
1537	23500	-675	-6.9479	1180
1538	23600	-680	-7.1038	1212
1539	23700	-685	-7.2256	1237
1540	23800	-690	-7.3231	1257
1541	23900	-695	-7.3718	1266
1542	24000	-700	-7.4839	1289
1543	24100	-705	-7.5423	1301
1544	24200	-710	-7.5862	1310
1545	24300	-715	-7.6008	1313
1546	24400	-720	-7.6739	1328
1547	24500	-725	-7.6983	1333
1548	24600	-730	-7.8006	1353
1549	24700	-735	-7.8785	1369
1550	24800	-740	-8.0686	1408
1551	24900	-745	-8.2245	1440
1552	25000	-750	-8.4340	1482
1553	25100	-755	-8.6776	1532
1554	25200	-760	-9.0089	1600
1555	25300	-765	-9.3061	1660
1556	25400	-770	-9.6959	1740
1557	25500	-775	-10.0711	1817
1558	25600	-780	-10.5632	1917
1559	25700	-785	-11.0407	2015
1560	25800	-790	-11.5669	2123
1561	25900	-795	-12.1223	2236
1562	26000	-800	-12.7362	2362
