File : 		4.7_1_1
UID : 		394804000a4ffa

Setting
Strip Type : 		customise
Current Range : 		20.0		uA
Sweep Rate : 		0.05		Vps
Step size : 		5		mV
Step time : 		100		ms
V Start : 		-0.8		V
V Mid : 		0.5		V
V End : 		-0.8		V
Loop : 		3
Next time to scan : 		5

Offset
index 	 I (uA) 	 HEX 
0	-800	-245
1	-758	-243
2	-716	-242
3	-674	-241
4	-632	-241
5	-590	-240
6	-548	-240
7	-506	-240
8	-465	-239
9	-423	-239
10	-381	-239
11	-339	-238
12	-297	-239
13	-255	-239
14	-213	-239
15	-171	-239
16	-129	-239
17	-87	-239
18	-45	-238
19	-3	-238
20	39	-243
21	81	-247
22	123	-250
23	165	-254
24	206	-257
25	248	-260
26	290	-264
27	332	-267
28	374	-271
29	416	-1297
30	458	-1365
31	500	-4322

Conversion
index 	 sampling time(ms) 	 V (mV) 	 I(uA) 	 HEX 
0	0	-800	-5.5252	889
1	100	-795	-5.3790	859
2	200	-790	-5.2134	825
3	300	-785	-5.0428	791
4	400	-780	-4.9113	764
5	500	-775	-4.7359	728
6	600	-770	-4.6190	704
7	700	-765	-4.4679	674
8	800	-760	-4.3510	650
9	900	-755	-4.2146	622
10	1000	-750	-4.0830	595
11	1100	-745	-3.9807	574
12	1200	-740	-3.8491	547
13	1300	-735	-3.6981	517
14	1400	-730	-3.5812	493
15	1500	-725	-3.4642	469
16	1600	-720	-3.3765	451
17	1700	-715	-3.2791	431
18	1800	-710	-3.1914	413
19	1900	-705	-3.1037	395
20	2000	-700	-3.0501	384
21	2100	-695	-2.9478	363
22	2200	-690	-2.8649	347
23	2300	-685	-2.7772	329
24	2400	-680	-2.7090	315
25	2500	-675	-2.6310	299
26	2600	-670	-2.5628	285
27	2700	-665	-2.4946	271
28	2800	-660	-2.4264	257
29	2900	-655	-2.3631	244
30	3000	-650	-2.3046	232
31	3100	-645	-2.2510	221
32	3200	-640	-2.1925	209
33	3300	-635	-2.1438	199
34	3400	-630	-2.0854	187
35	3500	-625	-2.0220	174
36	3600	-620	-1.9782	165
37	3700	-615	-1.9392	157
38	3800	-610	-1.9489	160
39	3900	-605	-1.7638	122
40	4000	-600	-1.7004	109
41	4100	-595	-1.6809	105
42	4200	-590	-1.6517	99
43	4300	-585	-1.6274	94
44	4400	-580	-1.5932	87
45	4500	-575	-1.5543	79
46	4600	-570	-1.5348	75
47	4700	-565	-1.5007	68
48	4800	-560	-1.4617	60
49	4900	-555	-1.4276	53
50	5000	-550	-1.3935	46
51	5100	-545	-1.3545	38
52	5200	-540	-1.3253	32
53	5300	-535	-1.2765	22
54	5400	-530	-1.2327	13
55	5500	-525	-1.1937	5
56	5600	-520	-1.1450	-5
57	5700	-515	-1.0719	-20
58	5800	-510	-1.0475	-25
59	5900	-505	-0.9891	-37
60	6000	-500	-0.9306	-49
61	6100	-495	-0.8478	-66
62	6200	-490	-0.7796	-80
63	6300	-485	-0.7114	-93
64	6400	-480	-0.6237	-111
65	6500	-475	-0.5067	-135
66	6600	-470	-0.4385	-149
67	6700	-465	-0.2923	-179
68	6800	-460	-0.1559	-207
69	6900	-455	0.0487	-249
70	7000	-450	0.1754	-275
71	7100	-445	0.3264	-306
72	7200	-440	0.5262	-347
73	7300	-435	0.7260	-388
74	7400	-430	0.9209	-428
75	7500	-425	1.1109	-467
76	7600	-420	1.3253	-511
77	7700	-415	1.7443	-597
78	7800	-410	1.9002	-629
79	7900	-405	2.2656	-704
80	8000	-400	2.5044	-753
81	8100	-395	3.0257	-860
82	8200	-390	3.2352	-903
83	8300	-385	3.6542	-989
84	8400	-380	4.1317	-1087
85	8500	-375	4.7359	-1211
86	8600	-370	5.1500	-1296
87	8700	-365	5.8322	-1436
88	8800	-360	6.1732	-1506
89	8900	-355	6.9625	-1667
90	9000	-350	7.4010	-1757
91	9100	-345	8.2245	-1926
92	9200	-340	8.4778	-1978
93	9300	-335	9.2964	-2146
94	9400	-330	9.4474	-2177
95	9500	-325	9.6131	-2211
96	9600	-320	9.5790	-2204
97	9700	-315	9.7349	-2237
98	9800	-310	9.6179	-2213
99	9900	-305	9.7154	-2233
100	10000	-300	9.6667	-2223
101	10100	-295	10.1442	-2321
102	10200	-290	10.1490	-2322
103	10300	-285	10.4024	-2374
104	10400	-280	10.6216	-2419
105	10500	-275	10.8653	-2469
106	10600	-270	10.8994	-2476
107	10700	-265	11.1820	-2534
108	10800	-260	11.0699	-2511
109	10900	-255	11.7715	-2655
110	11000	-250	11.4743	-2594
111	11100	-245	11.4012	-2579
112	11200	-240	11.2307	-2544
113	11300	-235	11.2502	-2548
114	11400	-230	10.9189	-2480
115	11500	-225	10.6655	-2428
116	11600	-220	10.3196	-2357
117	11700	-215	10.2855	-2350
118	11800	-210	9.8713	-2265
119	11900	-205	9.7398	-2238
120	12000	-200	9.5449	-2198
121	12100	-195	9.7203	-2234
122	12200	-190	9.4425	-2177
123	12300	-185	9.5790	-2205
124	12400	-180	9.3646	-2161
125	12500	-175	9.8080	-2252
126	12600	-170	9.6667	-2223
127	12700	-165	9.6862	-2227
128	12800	-160	9.6228	-2214
129	12900	-155	9.8518	-2261
130	13000	-150	9.6764	-2225
131	13100	-145	9.4523	-2179
132	13200	-140	8.4486	-1973
133	13300	-135	7.5277	-1784
134	13400	-130	6.7676	-1628
135	13500	-125	6.1294	-1497
136	13600	-120	5.5983	-1388
137	13700	-115	5.1452	-1295
138	13800	-110	4.7651	-1217
139	13900	-105	4.4241	-1147
140	14000	-100	4.1269	-1086
141	14100	-95	3.8881	-1037
142	14200	-90	3.6689	-992
143	14300	-85	3.4837	-954
144	14400	-80	3.3132	-919
145	14500	-75	3.1573	-887
146	14600	-70	3.0208	-859
147	14700	-65	2.9039	-834
148	14800	-60	2.7918	-811
149	14900	-55	2.7041	-793
150	15000	-50	2.6018	-772
151	15100	-45	2.5141	-754
152	15200	-40	2.4313	-737
153	15300	-35	2.3533	-721
154	15400	-30	2.2949	-709
155	15500	-25	2.2266	-695
156	15600	-20	2.1633	-682
157	15700	-15	2.1195	-673
158	15800	-10	2.0610	-661
159	15900	-5	2.0123	-651
160	16000	0	1.9684	-642
161	16100	5	2.1877	-688
162	16200	10	2.3046	-713
163	16300	15	2.4264	-738
164	16400	20	2.4995	-754
165	16500	25	2.6603	-787
166	16600	30	2.7382	-804
167	16700	35	2.8308	-824
168	16800	40	2.9039	-839
169	16900	45	3.0549	-871
170	17000	50	3.1183	-884
171	17100	55	3.2157	-905
172	17200	60	3.2791	-918
173	17300	65	3.4447	-952
174	17400	70	3.5081	-966
175	17500	75	3.6250	-990
176	17600	80	3.6786	-1002
177	17700	85	3.8296	-1033
178	17800	90	3.8930	-1047
179	17900	95	4.0099	-1071
180	18000	100	4.0879	-1087
181	18100	105	4.2925	-1130
182	18200	110	4.3705	-1146
183	18300	115	4.4874	-1170
184	18400	120	4.5702	-1188
185	18500	125	4.7603	-1227
186	18600	130	4.8528	-1247
187	18700	135	4.9990	-1277
188	18800	140	5.0964	-1298
189	18900	145	5.3303	-1346
190	19000	150	5.4180	-1365
191	19100	155	5.5934	-1401
192	19200	160	5.7104	-1426
193	19300	165	5.8955	-1464
194	19400	170	6.0222	-1490
195	19500	175	6.1830	-1524
196	19600	180	6.3145	-1551
197	19700	185	6.5386	-1597
198	19800	190	6.6605	-1623
199	19900	195	6.8602	-1664
200	20000	200	6.9869	-1691
201	20100	205	7.2549	-1746
202	20200	210	7.3767	-1771
203	20300	215	7.5618	-1810
204	20400	220	7.7031	-1839
205	20500	225	7.9809	-1896
206	20600	230	8.1221	-1926
207	20700	235	8.3219	-1967
208	20800	240	8.4583	-1995
209	20900	245	8.7068	-2047
210	21000	250	8.8627	-2079
211	21100	255	9.0528	-2119
212	21200	260	9.1794	-2145
213	21300	265	9.5108	-2214
214	21400	270	9.6423	-2241
215	21500	275	9.8275	-2280
216	21600	280	9.9688	-2309
217	21700	285	10.2221	-2362
218	21800	290	10.3537	-2389
219	21900	295	10.5339	-2426
220	22000	300	10.6509	-2451
221	22100	305	10.9286	-2508
222	22200	310	11.0309	-2529
223	22300	315	11.2063	-2566
224	22400	320	11.3184	-2589
225	22500	325	11.5035	-2628
226	22600	330	11.6107	-2650
227	22700	335	11.7861	-2686
228	22800	340	11.8690	-2704
229	22900	345	12.0882	-2749
230	23000	350	12.1759	-2768
231	23100	355	12.3318	-2800
232	23200	360	12.4147	-2818
233	23300	365	12.5998	-2856
234	23400	370	12.6729	-2872
235	23500	375	12.7021	-2902
236	23600	380	12.1369	-2909
237	23700	385	11.7813	-2958
238	23800	390	11.2502	-2971
239	23900	395	10.7824	-2997
240	24000	400	10.2367	-3007
241	24100	405	9.8177	-3043
242	24200	410	9.2720	-3053
243	24300	415	8.7848	-3076
244	24400	420	8.6776	-3084
245	24500	425	8.8627	-3131
246	24600	430	8.8725	-3141
247	24700	435	8.9261	-3160
248	24800	440	8.9163	-3166
249	24900	445	9.0430	-3200
250	25000	450	9.0430	-3208
251	25100	455	9.0917	-3226
252	25200	460	8.3901	-3228
253	25300	465	6.8846	-3271
254	25400	470	5.1988	-3277
255	25500	475	3.5665	-3294
256	25600	480	1.8710	-3298
257	25700	485	0.2728	-3322
258	25800	490	-1.4227	-3326
259	25900	495	-3.0842	-3337
260	0	500	-4.8187	-3333
261	100	495	-4.0733	-3134
262	200	490	-3.2303	-2955
263	300	485	-2.2413	-2806
264	400	480	-1.3107	-2645
265	500	475	-0.1998	-2521
266	600	470	0.8624	-2387
267	700	465	2.0415	-2277
268	800	460	3.0549	-2133
269	900	455	3.3424	-2046
270	1000	450	2.8698	-1941
271	1100	445	2.4703	-1851
272	1200	440	2.0074	-1748
273	1300	435	1.6858	-1674
274	1400	430	1.3253	-1592
275	1500	425	1.0475	-1527
276	1600	420	0.6139	-1429
277	1700	415	0.5116	-1378
278	1800	410	0.7991	-1314
279	1900	405	1.1304	-1260
280	2000	400	1.3886	-1191
281	2100	395	1.7881	-1151
282	2200	390	2.1195	-1097
283	2300	385	2.5092	-1055
284	2400	380	2.8065	-994
285	2500	375	3.2645	-965
286	2600	370	3.1767	-923
287	2700	365	3.0257	-891
288	2800	360	2.7870	-842
289	2900	355	2.6749	-818
290	3000	350	2.5092	-784
291	3100	345	2.3923	-759
292	3200	340	2.1925	-718
293	3300	335	2.1292	-704
294	3400	330	1.9782	-673
295	3500	325	1.9002	-657
296	3600	320	1.7394	-623
297	3700	315	1.6663	-608
298	3800	310	1.5640	-586
299	3900	305	1.4666	-566
300	4000	300	1.3399	-540
301	4100	295	1.3058	-532
302	4200	290	1.2181	-514
303	4300	285	1.1450	-499
304	4400	280	1.0378	-476
305	4500	275	0.9988	-468
306	4600	270	0.9404	-455
307	4700	265	0.9014	-447
308	4800	260	0.7601	-417
309	4900	255	0.7796	-421
310	5000	250	0.7162	-407
311	5100	245	0.6919	-402
312	5200	240	0.6042	-383
313	5300	235	0.6090	-384
314	5400	230	0.5408	-370
315	5500	225	0.5116	-363
316	5600	220	0.4239	-345
317	5700	215	0.4336	-347
318	5800	210	0.4044	-340
319	5900	205	0.3654	-332
320	6000	200	0.3118	-321
321	6100	195	0.3167	-321
322	6200	190	0.2728	-312
323	6300	185	0.2631	-309
324	6400	180	0.2144	-299
325	6500	175	0.2193	-300
326	6600	170	0.1900	-293
327	6700	165	0.1754	-290
328	6800	160	0.1218	-279
329	6900	155	0.1462	-283
330	7000	150	0.1072	-275
331	7100	145	0.1023	-273
332	7200	140	0.0487	-262
333	7300	135	0.0536	-262
334	7400	130	0.0390	-259
335	7500	125	0.0390	-258
336	7600	120	-0.0097	-248
337	7700	115	0.0097	-251
338	7800	110	-0.0195	-245
339	7900	105	-0.0146	-246
340	8000	100	-0.0585	-236
341	8100	95	-0.0439	-239
342	8200	90	-0.0633	-235
343	8300	85	-0.0682	-233
344	8400	80	-0.0974	-227
345	8500	75	-0.0780	-230
346	8600	70	-0.0974	-226
347	8700	65	-0.0926	-226
348	8800	60	-0.1413	-216
349	8900	55	-0.1267	-219
350	9000	50	-0.1267	-218
351	9100	45	-0.1364	-216
352	9200	40	-0.1608	-210
353	9300	35	-0.1462	-213
354	9400	30	-0.1754	-206
355	9500	25	-0.1657	-207
356	9600	20	-0.1851	-203
357	9700	15	-0.1705	-205
358	9800	10	-0.1949	-200
359	9900	5	-0.2046	-197
360	10000	0	-0.2095	-195
361	10100	-5	-0.1121	-215
362	10200	-10	-0.0877	-220
363	10300	-15	-0.0682	-224
364	10400	-20	-0.0585	-226
365	10500	-25	-0.0439	-229
366	10600	-30	-0.0341	-231
367	10700	-35	-0.0292	-232
368	10800	-40	-0.0244	-233
369	10900	-45	-0.0195	-234
370	11000	-50	-0.0000	-238
371	11100	-55	-0.0049	-237
372	11200	-60	-0.0000	-238
373	11300	-65	-0.0000	-238
374	11400	-70	-0.0000	-239
375	11500	-75	-0.0049	-238
376	11600	-80	-0.0195	-235
377	11700	-85	-0.0585	-227
378	11800	-90	-0.1267	-213
379	11900	-95	-0.1316	-212
380	12000	-100	-0.1462	-209
381	12100	-105	-0.1754	-203
382	12200	-110	-0.1364	-211
383	12300	-115	-0.1949	-199
384	12400	-120	-0.2046	-197
385	12500	-125	-0.1803	-202
386	12600	-130	-0.2728	-183
387	12700	-135	-0.2144	-195
388	12800	-140	-0.2923	-179
389	12900	-145	-0.2875	-180
390	13000	-150	-0.3118	-175
391	13100	-155	-0.3703	-163
392	13200	-160	-0.4580	-145
393	13300	-165	-0.5018	-136
394	13400	-170	-0.5408	-128
395	13500	-175	-0.5018	-136
396	13600	-180	-0.5603	-124
397	13700	-185	-0.5457	-127
398	13800	-190	-0.5749	-121
399	13900	-195	-0.5360	-129
400	14000	-200	-0.4872	-139
401	14100	-205	-0.4921	-138
402	14200	-210	-0.5018	-136
403	14300	-215	-0.4970	-137
404	14400	-220	-0.5360	-129
405	14500	-225	-0.5311	-130
406	14600	-230	-0.4970	-137
407	14700	-235	-0.5652	-123
408	14800	-240	-0.5213	-132
409	14900	-245	-0.5262	-131
410	15000	-250	-0.5944	-117
411	15100	-255	-0.5847	-119
412	15200	-260	-0.6383	-108
413	15300	-265	-0.6188	-112
414	15400	-270	-0.6578	-104
415	15500	-275	-0.6383	-108
416	15600	-280	-0.6870	-98
417	15700	-285	-0.6139	-113
418	15800	-290	-0.6773	-100
419	15900	-295	-0.6870	-98
420	16000	-300	-0.7357	-88
421	16100	-305	-0.7357	-88
422	16200	-310	-0.7455	-86
423	16300	-315	-0.7698	-81
424	16400	-320	-0.7308	-88
425	16500	-325	-0.8088	-72
426	16600	-330	-0.8137	-71
427	16700	-335	-0.7844	-77
428	16800	-340	-0.9014	-53
429	16900	-345	-0.8916	-55
430	17000	-350	-0.9160	-50
431	17100	-355	-0.9355	-46
432	17200	-360	-1.0183	-30
433	17300	-365	-1.0134	-31
434	17400	-370	-1.0622	-21
435	17500	-375	-1.0865	-16
436	17600	-380	-1.1499	-3
437	17700	-385	-1.1888	5
438	17800	-390	-1.2424	16
439	17900	-395	-1.2571	19
440	18000	-400	-1.2960	27
441	18100	-405	-1.3594	40
442	18200	-410	-1.4276	54
443	18300	-415	-1.4568	60
444	18400	-420	-1.5786	85
445	18500	-425	-1.6420	98
446	18600	-430	-1.6761	105
447	18700	-435	-1.7248	115
448	18800	-440	-1.8807	147
449	18900	-445	-1.9099	153
450	19000	-450	-2.0610	184
451	19100	-455	-2.1000	192
452	19200	-460	-2.2949	232
453	19300	-465	-2.4069	255
454	19400	-470	-2.5531	285
455	19500	-475	-2.6554	306
456	19600	-480	-2.8552	347
457	19700	-485	-2.9672	370
458	19800	-490	-3.1719	411
459	19900	-495	-3.3619	450
460	20000	-500	-3.6006	499
461	20100	-505	-3.8101	542
462	20200	-510	-4.0391	589
463	20300	-515	-4.2633	635
464	20400	-520	-4.6043	705
465	20500	-525	-4.8236	750
466	20600	-530	-5.1695	821
467	20700	-535	-5.4570	880
468	20800	-540	-5.9686	985
469	20900	-545	-6.3632	1066
470	21000	-550	-6.8407	1164
471	21100	-555	-7.2792	1254
472	21200	-560	-7.9126	1384
473	21300	-565	-8.4047	1485
474	21400	-570	-9.0479	1617
475	21500	-575	-9.5838	1727
476	21600	-580	-10.6899	1954
477	21700	-585	-11.3233	2084
478	21800	-590	-12.3757	2300
479	21900	-595	-13.3112	2492
480	22000	-600	-14.5780	2752
481	22100	-605	-15.6937	2981
482	22200	-610	-17.1847	3287
483	22300	-615	-18.5002	3556
484	22400	-620	-20.4588	3958
485	22500	-625	-22.0424	4283
486	22600	-630	-23.9961	4684
487	22700	-635	-25.8817	5071
488	22800	-640	-28.0889	5524
489	22900	-645	-29.9014	5896
490	23000	-650	-31.8260	6291
491	23100	-655	-32.8345	6498
492	23200	-660	-32.7907	6489
493	23300	-665	-32.7663	6484
494	23400	-670	-32.7322	6477
495	23500	-675	-32.6884	6468
496	23600	-680	-32.6543	6461
497	23700	-685	-32.6494	6460
498	23800	-690	-32.6299	6456
499	23900	-695	-32.6494	6459
500	24000	-700	-32.6201	6453
501	24100	-705	-32.6201	6453
502	24200	-710	-32.6445	6458
503	24300	-715	-32.6543	6460
504	24400	-720	-32.6981	6469
505	24500	-725	-32.7517	6480
506	24600	-730	-32.8102	6492
507	24700	-735	-32.6737	6464
508	24800	-740	-30.7346	6065
509	24900	-745	-28.6054	5628
510	25000	-750	-26.8757	5273
511	25100	-755	-25.2630	4942
512	25200	-760	-23.9718	4677
513	25300	-765	-22.7391	4424
514	25400	-770	-21.7403	4218
515	25500	-775	-20.7755	4020
516	25600	-780	-20.0350	3868
517	25700	-785	-19.2651	3710
518	25800	-790	-18.6171	3576
519	25900	-795	-17.9594	3441
520	26000	-800	-17.4721	3341

Round :	1---------------------------------

521	0	-800	-5.7298	931
522	100	-795	-5.5691	898
523	200	-790	-5.4375	871
524	300	-785	-5.2767	839
525	400	-780	-5.1452	812
526	500	-775	-4.9990	782
527	600	-770	-4.8772	757
528	700	-765	-4.7408	730
529	800	-760	-4.6092	703
530	900	-755	-4.4971	680
531	1000	-750	-4.3802	656
532	1100	-745	-4.2584	631
533	1200	-740	-4.1512	609
534	1300	-735	-4.0148	582
535	1400	-730	-3.9173	562
536	1500	-725	-3.8004	538
537	1600	-720	-3.7030	518
538	1700	-715	-3.5909	495
539	1800	-710	-3.4691	470
540	1900	-705	-3.3814	452
541	2000	-700	-3.2888	433
542	2100	-695	-3.1719	409
543	2200	-690	-3.0696	389
544	2300	-685	-2.9770	370
545	2400	-680	-2.8942	353
546	2500	-675	-2.7918	332
547	2600	-670	-2.7188	317
548	2700	-665	-2.6262	298
549	2800	-660	-2.5482	282
550	2900	-655	-2.4556	263
551	3000	-650	-2.3679	245
552	3100	-645	-2.3143	234
553	3200	-640	-2.2461	220
554	3300	-635	-2.1536	201
555	3400	-630	-2.0902	188
556	3500	-625	-2.0269	175
557	3600	-620	-1.9538	160
558	3700	-615	-1.8856	146
559	3800	-610	-1.8271	135
560	3900	-605	-1.7687	123
561	4000	-600	-1.7248	114
562	4100	-595	-1.6517	99
563	4200	-590	-1.5981	88
564	4300	-585	-1.5445	77
565	4400	-580	-1.5055	69
566	4500	-575	-1.4325	54
567	4600	-570	-1.3984	47
568	4700	-565	-1.3253	32
569	4800	-560	-1.3107	29
570	4900	-555	-1.2473	16
571	5000	-550	-1.2278	12
572	5100	-545	-1.1547	-3
573	5200	-540	-1.1109	-12
574	5300	-535	-1.0475	-25
575	5400	-530	-1.0037	-34
576	5500	-525	-0.9306	-49
577	5600	-520	-0.9111	-53
578	5700	-515	-0.8283	-70
579	5800	-510	-0.7893	-78
580	5900	-505	-0.7357	-89
581	6000	-500	-0.6383	-109
582	6100	-495	-0.5847	-120
583	6200	-490	-0.5262	-132
584	6300	-485	-0.4434	-148
585	6400	-480	-0.3800	-161
586	6500	-475	-0.2485	-188
587	6600	-470	-0.1851	-201
588	6700	-465	-0.0585	-227
589	6800	-460	0.0097	-241
590	6900	-455	0.2777	-296
591	7000	-450	0.3411	-309
592	7100	-445	0.5457	-351
593	7200	-440	0.7308	-389
594	7300	-435	0.9063	-425
595	7400	-430	1.0865	-462
596	7500	-425	1.3837	-523
597	7600	-420	1.6517	-578
598	7700	-415	1.9733	-644
599	7800	-410	2.2559	-702
600	7900	-405	2.6310	-779
601	8000	-400	2.8990	-834
602	8100	-395	3.4496	-947
603	8200	-390	3.7224	-1003
604	8300	-385	4.3948	-1141
605	8400	-380	4.6336	-1190
606	8500	-375	5.5203	-1372
607	8600	-370	5.7493	-1419
608	8700	-365	6.5630	-1586
609	8800	-360	7.0307	-1682
610	8900	-355	7.9809	-1876
611	9000	-350	8.4924	-1981
612	9100	-345	9.0869	-2103
613	9200	-340	9.6082	-2210
614	9300	-335	10.7727	-2449
615	9400	-330	11.3184	-2561
616	9500	-325	12.0444	-2710
617	9600	-320	12.5803	-2820
618	9700	-315	13.2137	-2951
619	9800	-310	13.3794	-2985
620	9900	-305	13.6474	-3040
621	10000	-300	13.3112	-2971
622	10100	-295	13.7253	-3056
623	10200	-290	13.6815	-3047
624	10300	-285	13.7643	-3064
625	10400	-280	13.6327	-3037
626	10500	-275	13.9543	-3103
627	10600	-270	14.1541	-3144
628	10700	-265	14.2564	-3165
629	10800	-260	14.3441	-3183
630	10900	-255	15.0798	-3334
631	11000	-250	14.9336	-3304
632	11100	-245	14.9434	-3306
633	11200	-240	14.6559	-3247
634	11300	-235	14.5341	-3222
635	11400	-230	13.9982	-3112
636	11500	-225	13.6327	-3037
637	11600	-220	13.0140	-2910
638	11700	-215	12.7996	-2866
639	11800	-210	12.1564	-2734
640	11900	-205	11.8349	-2668
641	12000	-200	11.2697	-2552
642	12100	-195	11.1771	-2533
643	12200	-190	10.9091	-2478
644	12300	-185	10.7922	-2454
645	12400	-180	10.4901	-2392
646	12500	-175	10.6363	-2422
647	12600	-170	10.4414	-2382
648	12700	-165	10.5145	-2397
649	12800	-160	10.3147	-2356
650	12900	-155	10.5145	-2397
651	13000	-150	10.3878	-2371
652	13100	-145	10.5388	-2402
653	13200	-140	10.4414	-2382
654	13300	-135	10.9286	-2482
655	13400	-130	10.7824	-2452
656	13500	-125	10.8701	-2470
657	13600	-120	10.8945	-2475
658	13700	-115	11.1625	-2530
659	13800	-110	11.1479	-2527
660	13900	-105	11.3525	-2569
661	14000	-100	11.3671	-2572
662	14100	-95	11.7472	-2650
663	14200	-90	11.7666	-2654
664	14300	-85	11.9518	-2692
665	14400	-80	12.0541	-2713
666	14500	-75	12.2977	-2763
667	14600	-70	12.3075	-2765
668	14700	-65	12.4926	-2802
669	14800	-60	12.5560	-2815
670	14900	-55	12.9750	-2901
671	15000	-50	13.0675	-2920
672	15100	-45	13.1991	-2947
673	15200	-40	13.2235	-2952
674	15300	-35	13.5499	-3019
675	15400	-30	13.3940	-2987
676	15500	-25	13.3696	-2982
677	15600	-20	12.8483	-2875
678	15700	-15	11.4548	-2589
679	15800	-10	10.1149	-2314
680	15900	-5	8.9894	-2083
681	16000	0	8.0588	-1892
682	16100	5	7.6739	-1814
683	16200	10	7.2256	-1723
684	16300	15	6.8456	-1645
685	16400	20	6.4753	-1570
686	16500	25	6.2755	-1529
687	16600	30	6.0027	-1474
688	16700	35	5.8078	-1435
689	16800	40	5.5885	-1390
690	16900	45	5.4911	-1371
691	17000	50	5.3498	-1342
692	17100	55	5.2280	-1318
693	17200	60	5.1111	-1294
694	17300	65	5.1111	-1294
695	17400	70	5.0234	-1277
696	17500	75	4.9844	-1269
697	17600	80	4.8967	-1252
698	17700	85	4.9162	-1256
699	17800	90	4.8772	-1249
700	17900	95	4.8626	-1246
701	18000	100	4.8285	-1239
702	18100	105	4.9015	-1255
703	18200	110	4.8674	-1248
704	18300	115	4.8869	-1252
705	18400	120	4.8723	-1250
706	18500	125	4.9308	-1262
707	18600	130	4.9210	-1261
708	18700	135	4.9210	-1261
709	18800	140	4.9015	-1258
710	18900	145	5.0039	-1279
711	19000	150	4.9795	-1275
712	19100	155	4.9990	-1279
713	19200	160	4.9795	-1276
714	19300	165	5.0331	-1287
715	19400	170	5.0136	-1283
716	19500	175	5.0526	-1292
717	19600	180	5.0428	-1290
718	19700	185	5.1111	-1304
719	19800	190	5.0916	-1301
720	19900	195	5.1452	-1312
721	20000	200	5.1403	-1312
722	20100	205	5.2231	-1329
723	20200	210	5.2426	-1333
724	20300	215	5.2865	-1343
725	20400	220	5.3060	-1347
726	20500	225	5.4326	-1373
727	20600	230	5.4326	-1374
728	20700	235	5.5203	-1392
729	20800	240	5.5642	-1401
730	20900	245	5.6909	-1428
731	21000	250	5.7152	-1433
732	21100	255	5.8029	-1452
733	21200	260	5.8614	-1464
734	21300	265	6.0855	-1511
735	21400	270	6.1099	-1516
736	21500	275	6.2025	-1536
737	21600	280	6.2366	-1543
738	21700	285	6.4022	-1578
739	21800	290	6.4753	-1593
740	21900	295	6.5776	-1614
741	22000	300	6.6507	-1630
742	22100	305	6.8456	-1670
743	22200	310	6.9284	-1687
744	22300	315	7.0405	-1711
745	22400	320	7.1331	-1730
746	22500	325	7.2939	-1764
747	22600	330	7.3669	-1779
748	22700	335	7.4985	-1806
749	22800	340	7.5716	-1822
750	22900	345	7.7616	-1861
751	23000	350	7.8298	-1876
752	23100	355	7.9809	-1907
753	23200	360	8.0539	-1923
754	23300	365	8.2634	-1966
755	23400	370	8.3560	-1986
756	23500	375	8.3706	-2013
757	23600	380	7.8590	-2031
758	23700	385	7.4790	-2075
759	23800	390	6.9820	-2095
760	23900	395	6.5289	-2124
761	24000	400	6.0222	-2142
762	24100	405	5.5983	-2177
763	24200	410	5.0964	-2196
764	24300	415	4.6336	-2224
765	24400	420	4.5702	-2241
766	24500	425	4.7944	-2296
767	24600	430	4.7944	-2304
768	24700	435	4.9113	-2336
769	24800	440	4.9357	-2349
770	24900	445	5.1305	-2397
771	25000	450	5.1647	-2412
772	25100	455	5.2426	-2436
773	25200	460	4.5946	-2449
774	25300	465	3.1085	-2496
775	25400	470	1.4471	-2507
776	25500	475	-0.1267	-2536
777	25600	480	-1.7735	-2550
778	25700	485	-3.3132	-2586
779	25800	490	-4.9795	-2596
780	25900	495	-6.5679	-2622
781	0	500	-8.2196	-2635
782	100	495	-7.3280	-2466
783	200	490	-6.2902	-2327
784	300	485	-5.0964	-2220
785	400	480	-3.9856	-2096
786	500	475	-2.7041	-2007
787	600	470	-1.4812	-1906
788	700	465	-0.1608	-1825
789	800	460	1.0183	-1715
790	900	455	1.4276	-1653
791	1000	450	1.0817	-1574
792	1100	445	0.7942	-1507
793	1200	440	0.4483	-1428
794	1300	435	0.2387	-1377
795	1400	430	-0.0341	-1313
796	1500	425	-0.2290	-1265
797	1600	420	-0.5896	-1182
798	1700	415	-0.6042	-1149
799	1800	410	-0.2436	-1100
800	1900	405	0.1608	-1061
801	2000	400	0.4824	-1005
802	2100	395	0.9404	-977
803	2200	390	1.3204	-933
804	2300	385	1.7735	-904
805	2400	380	2.1243	-854
806	2500	375	2.6213	-833
807	2600	370	2.5872	-802
808	2700	365	2.4508	-773
809	2800	360	2.2608	-734
810	2900	355	2.2023	-721
811	3000	350	2.0464	-689
812	3100	345	1.9587	-670
813	3200	340	1.8076	-639
814	3300	335	1.7297	-622
815	3400	330	1.6468	-605
816	3500	325	1.5445	-584
817	3600	320	1.4081	-555
818	3700	315	1.3642	-546
819	3800	310	1.2619	-524
820	3900	305	1.2083	-513
821	4000	300	1.0768	-486
822	4100	295	1.0524	-480
823	4200	290	0.9647	-462
824	4300	285	0.9306	-455
825	4400	280	0.8039	-428
826	4500	275	0.8088	-429
827	4600	270	0.7308	-412
828	4700	265	0.7065	-407
829	4800	260	0.5457	-373
830	4900	255	0.5798	-380
831	5000	250	0.5262	-368
832	5100	245	0.4970	-362
833	5200	240	0.4044	-342
834	5300	235	0.4190	-345
835	5400	230	0.3606	-333
836	5500	225	0.3508	-330
837	5600	220	0.2582	-311
838	5700	215	0.2728	-314
839	5800	210	0.2387	-306
840	5900	205	0.2144	-301
841	6000	200	0.1316	-284
842	6100	195	0.1705	-291
843	6200	190	0.1121	-279
844	6300	185	0.1169	-279
845	6400	180	0.0487	-265
846	6500	175	0.0633	-268
847	6600	170	0.0390	-262
848	6700	165	0.0195	-258
849	6800	160	-0.0292	-248
850	6900	155	-0.0049	-252
851	7000	150	-0.0487	-243
852	7100	145	-0.0487	-242
853	7200	140	-0.1218	-227
854	7300	135	-0.0828	-234
855	7400	130	-0.1121	-228
856	7500	125	-0.1072	-228
857	7600	120	-0.1754	-214
858	7700	115	-0.1413	-220
859	7800	110	-0.1657	-215
860	7900	105	-0.1608	-216
861	8000	100	-0.2290	-201
862	8100	95	-0.1851	-210
863	8200	90	-0.2095	-205
864	8300	85	-0.2046	-205
865	8400	80	-0.2436	-197
866	8500	75	-0.2241	-200
867	8600	70	-0.2436	-196
868	8700	65	-0.2339	-197
869	8800	60	-0.2875	-186
870	8900	55	-0.2582	-192
871	9000	50	-0.2680	-189
872	9100	45	-0.2680	-189
873	9200	40	-0.2923	-183
874	9300	35	-0.2728	-187
875	9400	30	-0.3070	-179
876	9500	25	-0.2777	-184
877	9600	20	-0.3118	-177
878	9700	15	-0.2777	-183
879	9800	10	-0.3070	-177
880	9900	5	-0.3070	-176
881	10000	0	-0.3313	-170
882	10100	-5	-0.1803	-201
883	10200	-10	-0.1413	-209
884	10300	-15	-0.1169	-214
885	10400	-20	-0.1023	-217
886	10500	-25	-0.0828	-221
887	10600	-30	-0.0682	-224
888	10700	-35	-0.0633	-225
889	10800	-40	-0.0536	-227
890	10900	-45	-0.0585	-226
891	11000	-50	-0.0633	-225
892	11100	-55	-0.0974	-218
893	11200	-60	-0.1608	-205
894	11300	-65	-0.1705	-203
895	11400	-70	-0.2046	-197
896	11500	-75	-0.1657	-205
897	11600	-80	-0.2534	-187
898	11700	-85	-0.2582	-186
899	11800	-90	-0.3118	-175
900	11900	-95	-0.2680	-184
901	12000	-100	-0.2728	-183
902	12100	-105	-0.3070	-176
903	12200	-110	-0.3070	-176
904	12300	-115	-0.3167	-174
905	12400	-120	-0.3216	-173
906	12500	-125	-0.3849	-160
907	12600	-130	-0.3508	-167
908	12700	-135	-0.3654	-164
909	12800	-140	-0.4239	-152
910	12900	-145	-0.4093	-155
911	13000	-150	-0.4141	-154
912	13100	-155	-0.4629	-144
913	13200	-160	-0.4872	-139
914	13300	-165	-0.5311	-130
915	13400	-170	-0.5701	-122
916	13500	-175	-0.5067	-135
917	13600	-180	-0.5554	-125
918	13700	-185	-0.5408	-128
919	13800	-190	-0.5018	-136
920	13900	-195	-0.5457	-127
921	14000	-200	-0.5896	-118
922	14100	-205	-0.5603	-124
923	14200	-210	-0.5993	-116
924	14300	-215	-0.5652	-123
925	14400	-220	-0.6042	-115
926	14500	-225	-0.6090	-114
927	14600	-230	-0.6139	-113
928	14700	-235	-0.5993	-116
929	14800	-240	-0.6139	-113
930	14900	-245	-0.6188	-112
931	15000	-250	-0.6334	-109
932	15100	-255	-0.6529	-105
933	15200	-260	-0.6724	-101
934	15300	-265	-0.6578	-104
935	15400	-270	-0.6724	-101
936	15500	-275	-0.6334	-109
937	15600	-280	-0.6967	-96
938	15700	-285	-0.7016	-95
939	15800	-290	-0.7114	-93
940	15900	-295	-0.6821	-99
941	16000	-300	-0.7455	-86
942	16100	-305	-0.7406	-87
943	16200	-310	-0.7503	-85
944	16300	-315	-0.7796	-79
945	16400	-320	-0.8283	-68
946	16500	-325	-0.8088	-72
947	16600	-330	-0.8039	-73
948	16700	-335	-0.8332	-67
949	16800	-340	-0.8380	-66
950	16900	-345	-0.8819	-57
951	17000	-350	-0.9257	-48
952	17100	-355	-0.9209	-49
953	17200	-360	-0.9891	-36
954	17300	-365	-0.9745	-39
955	17400	-370	-0.9891	-36
956	17500	-375	-1.0281	-28
957	17600	-380	-1.0768	-18
958	17700	-385	-1.1352	-6
959	17800	-390	-1.1742	2
960	17900	-395	-1.1547	-2
961	18000	-400	-1.2376	15
962	18100	-405	-1.3058	29
963	18200	-410	-1.3545	39
964	18300	-415	-1.4227	53
965	18400	-420	-1.4958	68
966	18500	-425	-1.5543	80
967	18600	-430	-1.6225	94
968	18700	-435	-1.6712	104
969	18800	-440	-1.7687	124
970	18900	-445	-1.8710	145
971	19000	-450	-1.9538	162
972	19100	-455	-2.0659	185
973	19200	-460	-2.2315	219
974	19300	-465	-2.3241	238
975	19400	-470	-2.4508	264
976	19500	-475	-2.5775	290
977	19600	-480	-2.7334	322
978	19700	-485	-2.8942	355
979	19800	-490	-3.0842	393
980	19900	-495	-3.2157	420
981	20000	-500	-3.4642	471
982	20100	-505	-3.6153	502
983	20200	-510	-3.8053	541
984	20300	-515	-3.9661	574
985	20400	-520	-4.2779	638
986	20500	-525	-4.4825	680
987	20600	-530	-4.7554	736
988	20700	-535	-5.0282	792
989	20800	-540	-5.4424	877
990	20900	-545	-5.6860	927
991	21000	-550	-6.0563	1003
992	21100	-555	-6.3779	1069
993	21200	-560	-6.9187	1180
994	21300	-565	-7.2403	1246
995	21400	-570	-7.7908	1359
996	21500	-575	-8.2683	1457
997	21600	-580	-9.0722	1622
998	21700	-585	-9.6228	1735
999	21800	-590	-10.3878	1892
1000	21900	-595	-11.0553	2029
1001	22000	-600	-12.0833	2240
1002	22100	-605	-12.9847	2425
1003	22200	-610	-14.1248	2659
1004	22300	-615	-15.2114	2881
1005	22400	-620	-16.7656	3200
1006	22500	-625	-18.3150	3518
1007	22600	-630	-19.8839	3840
1008	22700	-635	-21.5990	4192
1009	22800	-640	-23.6356	4610
1010	22900	-645	-25.4968	4992
1011	23000	-650	-27.6017	5424
1012	23100	-655	-29.4678	5807
1013	23200	-660	-31.9819	6323
1014	23300	-665	-32.8491	6501
1015	23400	-670	-32.8199	6495
1016	23500	-675	-32.7858	6488
1017	23600	-680	-32.7176	6474
1018	23700	-685	-32.6835	6467
1019	23800	-690	-32.6494	6460
1020	23900	-695	-32.6494	6459
1021	24000	-700	-32.6543	6460
1022	24100	-705	-32.6543	6460
1023	24200	-710	-32.6445	6458
1024	24300	-715	-32.6348	6456
1025	24400	-720	-32.6494	6459
1026	24500	-725	-32.6543	6460
1027	24600	-730	-32.6543	6460
1028	24700	-735	-32.6494	6459
1029	24800	-740	-32.6737	6463
1030	24900	-745	-32.6884	6466
1031	25000	-750	-32.6786	6464
1032	25100	-755	-32.6981	6468
1033	25200	-760	-32.7030	6469
1034	25300	-765	-32.7273	6474
1035	25400	-770	-32.7566	6479
1036	25500	-775	-32.8102	6490
1037	25600	-780	-32.8004	6488
1038	25700	-785	-30.4520	6006
1039	25800	-790	-28.1474	5532
1040	25900	-795	-26.1205	5116
1041	26000	-800	-24.4931	4782
1042	0	-800	-5.7201	929
1043	100	-795	-5.5593	896
1044	200	-790	-5.4034	864
1045	300	-785	-5.2524	834
1046	400	-780	-5.1111	805
1047	500	-775	-4.9405	770
1048	600	-770	-4.8041	742
1049	700	-765	-4.6579	713
1050	800	-760	-4.5556	692
1051	900	-755	-4.3900	658
1052	1000	-750	-4.2925	638
1053	1100	-745	-4.1561	610
1054	1200	-740	-4.0391	586
1055	1300	-735	-3.9027	559
1056	1400	-730	-3.8101	540
1057	1500	-725	-3.6786	513
1058	1600	-720	-3.5812	493
1059	1700	-715	-3.4496	466
1060	1800	-710	-3.3522	446
1061	1900	-705	-3.2352	422
1062	2000	-700	-3.1232	399
1063	2100	-695	-3.0111	376
1064	2200	-690	-2.9136	357
1065	2300	-685	-2.8065	335
1066	2400	-680	-2.7285	319
1067	2500	-675	-2.6213	297
1068	2600	-670	-2.5336	279
1069	2700	-665	-2.4362	259
1070	2800	-660	-2.3679	245
1071	2900	-655	-2.2705	225
1072	3000	-650	-2.2023	211
1073	3100	-645	-2.1146	193
1074	3200	-640	-2.0366	177
1075	3300	-635	-1.9538	160
1076	3400	-630	-1.9002	149
1077	3500	-625	-1.8222	133
1078	3600	-620	-1.7589	120
1079	3700	-615	-1.6712	102
1080	3800	-610	-1.6176	92
1081	3900	-605	-1.5689	82
1082	4000	-600	-1.5104	70
1083	4100	-595	-1.4276	53
1084	4200	-590	-1.3935	46
1085	4300	-585	-1.3399	35
1086	4400	-580	-1.2814	23
1087	4500	-575	-1.2327	13
1088	4600	-570	-1.2035	7
1089	4700	-565	-1.1450	-5
1090	4800	-560	-1.1011	-14
1091	4900	-555	-1.0573	-23
1092	5000	-550	-0.9940	-36
1093	5100	-545	-0.9696	-41
1094	5200	-540	-0.9209	-51
1095	5300	-535	-0.8575	-64
1096	5400	-530	-0.8283	-70
1097	5500	-525	-0.7650	-83
1098	5600	-520	-0.7260	-91
1099	5700	-515	-0.6626	-104
1100	5800	-510	-0.6237	-112
1101	5900	-505	-0.5701	-123
1102	6000	-500	-0.5116	-135
1103	6100	-495	-0.4288	-152
1104	6200	-490	-0.3800	-162
1105	6300	-485	-0.2826	-181
1106	6400	-480	-0.2534	-187
1107	6500	-475	-0.1462	-209
1108	6600	-470	-0.0877	-221
1109	6700	-465	0.0097	-241
1110	6800	-460	0.0585	-251
1111	6900	-455	0.2777	-296
1112	7000	-450	0.3557	-312
1113	7100	-445	0.5165	-345
1114	7200	-440	0.6480	-372
1115	7300	-435	0.8721	-418
1116	7400	-430	1.0768	-460
1117	7500	-425	1.2619	-498
1118	7600	-420	1.4617	-539
1119	7700	-415	1.8710	-623
1120	7800	-410	2.0512	-660
1121	7900	-405	2.5092	-754
1122	8000	-400	2.7967	-813
1123	8100	-395	3.1865	-893
1124	8200	-390	3.4691	-951
1125	8300	-385	3.9563	-1051
1126	8400	-380	4.3948	-1141
1127	8500	-375	5.2913	-1325
1128	8600	-370	5.6178	-1392
1129	8700	-365	6.2561	-1523
1130	8800	-360	6.7238	-1619
1131	8900	-355	7.6057	-1799
1132	9000	-350	8.2878	-1939
1133	9100	-345	8.8968	-2064
1134	9200	-340	9.5205	-2192
1135	9300	-335	10.6801	-2430
1136	9400	-330	11.2453	-2546
1137	9500	-325	12.1077	-2723
1138	9600	-320	12.5901	-2822
1139	9700	-315	13.3014	-2969
1140	9800	-310	13.4525	-3000
1141	9900	-305	13.6717	-3045
1142	10000	-300	13.6084	-3032
1143	10100	-295	14.0176	-3116
1144	10200	-290	13.7545	-3062
1145	10300	-285	13.7399	-3059
1146	10400	-280	13.7156	-3054
1147	10500	-275	14.1395	-3141
1148	10600	-270	14.1736	-3148
1149	10700	-265	14.3977	-3194
1150	10800	-260	14.3392	-3182
1151	10900	-255	15.0408	-3326
1152	11000	-250	14.8800	-3293
1153	11100	-245	14.8265	-3282
1154	11200	-240	14.5828	-3232
1155	11300	-235	14.6462	-3245
1156	11400	-230	14.0323	-3119
1157	11500	-225	13.7302	-3057
1158	11600	-220	13.0627	-2920
1159	11700	-215	12.9506	-2897
1160	11800	-210	12.2977	-2763
1161	11900	-205	11.8933	-2680
1162	12000	-200	11.4889	-2597
1163	12100	-195	11.2648	-2551
1164	12200	-190	10.8506	-2466
1165	12300	-185	10.7240	-2440
1166	12400	-180	10.5047	-2395
1167	12500	-175	10.7727	-2450
1168	12600	-170	10.5778	-2410
1169	12700	-165	10.5193	-2398
1170	12800	-160	10.4024	-2374
1171	12900	-155	10.4170	-2377
1172	13000	-150	10.3439	-2362
1173	13100	-145	10.4511	-2384
1174	13200	-140	10.4268	-2379
1175	13300	-135	10.7629	-2448
1176	13400	-130	10.7191	-2439
1177	13500	-125	10.9676	-2490
1178	13600	-120	10.8653	-2469
1179	13700	-115	11.1576	-2529
1180	13800	-110	11.0699	-2511
1181	13900	-105	11.2307	-2544
1182	14000	-100	11.3574	-2570
1183	14100	-95	11.6010	-2620
1184	14200	-90	11.6643	-2633
1185	14300	-85	11.8007	-2661
1186	14400	-80	11.9226	-2686
1187	14500	-75	12.1174	-2726
1188	14600	-70	12.1418	-2731
1189	14700	-65	12.3075	-2764
1190	14800	-60	12.4780	-2799
1191	14900	-55	12.7898	-2863
1192	15000	-50	12.9068	-2887
1193	15100	-45	12.9750	-2901
1194	15200	-40	13.1504	-2937
1195	15300	-35	13.3160	-2971
1196	15400	-30	13.3501	-2978
1197	15500	-25	13.5109	-3011
1198	15600	-20	13.5012	-3009
1199	15700	-15	13.8422	-3079
1200	15800	-10	13.8422	-3079
1201	15900	-5	13.9835	-3108
1202	16000	0	13.9397	-3099
1203	16100	5	14.2564	-3165
1204	16200	10	14.1736	-3149
1205	16300	15	14.2905	-3173
1206	16400	20	14.2272	-3161
1207	16500	25	14.4708	-3211
1208	16600	30	14.5731	-3233
1209	16700	35	14.5682	-3233
1210	16800	40	14.4708	-3213
1211	16900	45	14.6900	-3259
1212	17000	50	14.6121	-3243
1213	17100	55	14.6169	-3245
1214	17200	60	14.3587	-3192
1215	17300	65	14.3733	-3195
1216	17400	70	13.7253	-3063
1217	17500	75	12.8142	-2876
1218	17600	80	11.8251	-2674
1219	17700	85	11.0260	-2510
1220	17800	90	10.1831	-2338
1221	17900	95	9.4961	-2197
1222	18000	100	8.8433	-2063
1223	18100	105	8.4291	-1979
1224	18200	110	7.9078	-1872
1225	18300	115	7.5034	-1789
1226	18400	120	7.1331	-1714
1227	18500	125	6.8943	-1665
1228	18600	130	6.5776	-1601
1229	18700	135	6.3730	-1559
1230	18800	140	6.1489	-1514
1231	18900	145	6.0660	-1497
1232	19000	150	5.8711	-1458
1233	19100	155	5.7883	-1441
1234	19200	160	5.6324	-1410
1235	19300	165	5.5837	-1400
1236	19400	170	5.4619	-1375
1237	19500	175	5.4180	-1367
1238	19600	180	5.3108	-1345
1239	19700	185	5.3206	-1347
1240	19800	190	5.2377	-1331
1241	19900	195	5.2329	-1330
1242	20000	200	5.1695	-1318
1243	20100	205	5.2280	-1330
1244	20200	210	5.1695	-1318
1245	20300	215	5.1793	-1321
1246	20400	220	5.1452	-1314
1247	20500	225	5.2231	-1330
1248	20600	230	5.1890	-1324
1249	20700	235	5.2036	-1327
1250	20800	240	5.1841	-1323
1251	20900	245	5.2329	-1334
1252	21000	250	5.2426	-1336
1253	21100	255	5.2767	-1344
1254	21200	260	5.2377	-1336
1255	21300	265	5.4034	-1371
1256	21400	270	5.3790	-1366
1257	21500	275	5.4131	-1374
1258	21600	280	5.4131	-1374
1259	21700	285	5.5057	-1394
1260	21800	290	5.5106	-1395
1261	21900	295	5.5885	-1411
1262	22000	300	5.5885	-1412
1263	22100	305	5.7542	-1446
1264	22200	310	5.7445	-1444
1265	22300	315	5.8322	-1463
1266	22400	320	5.8419	-1465
1267	22500	325	5.9637	-1491
1268	22600	330	5.9978	-1498
1269	22700	335	6.0855	-1516
1270	22800	340	6.1196	-1524
1271	22900	345	6.2755	-1556
1272	23000	350	6.3243	-1567
1273	23100	355	6.4315	-1589
1274	23200	360	6.4509	-1594
1275	23300	365	6.6312	-1631
1276	23400	370	6.6507	-1636
1277	23500	375	6.6215	-1654
1278	23600	380	6.0758	-1665
1279	23700	385	5.6762	-1705
1280	23800	390	5.1208	-1713
1281	23900	395	4.6531	-1739
1282	24000	400	4.0927	-1746
1283	24100	405	3.6494	-1777
1284	24200	410	3.1232	-1791
1285	24300	415	2.6457	-1816
1286	24400	420	2.5677	-1830
1287	24500	425	2.7480	-1876
1288	24600	430	2.7334	-1881
1289	24700	435	2.8211	-1907
1290	24800	440	2.8406	-1919
1291	24900	445	3.0013	-1960
1292	25000	450	2.9916	-1966
1293	25100	455	3.0842	-1993
1294	25200	460	2.4313	-2005
1295	25300	465	0.9355	-2050
1296	25400	470	-0.7406	-2058
1297	25500	475	-2.3143	-2087
1298	25600	480	-3.9758	-2098
1299	25700	485	-5.5203	-2133
1300	25800	490	-7.1915	-2142
1301	25900	495	-8.7799	-2168
1302	0	500	-10.4219	-2183
1303	100	495	-9.5302	-2014
1304	200	490	-8.4096	-1892
1305	300	485	-7.0941	-1810
1306	400	480	-5.8858	-1706
1307	500	475	-4.4874	-1641
1308	600	470	-3.1621	-1561
1309	700	465	-1.7540	-1498
1310	800	460	-0.4824	-1407
1311	900	455	0.0292	-1366
1312	1000	450	-0.2436	-1302
1313	1100	445	-0.4385	-1254
1314	1200	440	-0.7357	-1185
1315	1300	435	-0.8770	-1148
1316	1400	430	-1.0865	-1097
1317	1500	425	-1.2376	-1058
1318	1600	420	-1.5299	-989
1319	1700	415	-1.4714	-971
1320	1800	410	-1.0768	-929
1321	1900	405	-0.6285	-899
1322	2000	400	-0.2582	-853
1323	2100	395	0.2387	-833
1324	2200	390	0.6383	-793
1325	2300	385	1.1352	-773
1326	2400	380	1.4861	-723
1327	2500	375	2.0220	-710
1328	2600	370	2.0123	-684
1329	2700	365	1.9148	-663
1330	2800	360	1.7151	-622
1331	2900	355	1.6809	-614
1332	3000	350	1.5591	-589
1333	3100	345	1.5007	-576
1334	3200	340	1.3253	-540
1335	3300	335	1.3155	-537
1336	3400	330	1.1937	-512
1337	3500	325	1.1499	-503
1338	3600	320	0.9988	-471
1339	3700	315	1.0183	-475
1340	3800	310	0.9111	-452
1341	3900	305	0.8429	-438
1342	4000	300	0.6967	-408
1343	4100	295	0.7211	-412
1344	4200	290	0.6383	-395
1345	4300	285	0.6090	-389
1346	4400	280	0.4872	-363
1347	4500	275	0.5067	-367
1348	4600	270	0.4288	-350
1349	4700	265	0.4044	-345
1350	4800	260	0.2485	-312
1351	4900	255	0.2972	-322
1352	5000	250	0.2534	-312
1353	5100	245	0.2339	-308
1354	5200	240	0.1608	-292
1355	5300	235	0.1608	-292
1356	5400	230	0.1023	-280
1357	5500	225	0.0731	-273
1358	5600	220	-0.0195	-254
1359	5700	215	0.0146	-261
1360	5800	210	-0.0292	-251
1361	5900	205	-0.0146	-254
1362	6000	200	-0.1267	-231
1363	6100	195	-0.0828	-239
1364	6200	190	-0.1316	-229
1365	6300	185	-0.1316	-228
1366	6400	180	-0.1998	-214
1367	6500	175	-0.1657	-221
1368	6600	170	-0.1949	-214
1369	6700	165	-0.1949	-214
1370	6800	160	-0.2728	-198
1371	6900	155	-0.2436	-203
1372	7000	150	-0.2875	-194
1373	7100	145	-0.2777	-195
1374	7200	140	-0.3508	-180
1375	7300	135	-0.2972	-190
1376	7400	130	-0.3313	-183
1377	7500	125	-0.3216	-184
1378	7600	120	-0.3703	-174
1379	7700	115	-0.3411	-179
1380	7800	110	-0.3703	-173
1381	7900	105	-0.3557	-176
1382	8000	100	-0.4288	-160
1383	8100	95	-0.3800	-170
1384	8200	90	-0.3995	-166
1385	8300	85	-0.3849	-168
1386	8400	80	-0.4336	-158
1387	8500	75	-0.3947	-165
1388	8600	70	-0.4190	-160
1389	8700	65	-0.4093	-161
1390	8800	60	-0.4677	-149
1391	8900	55	-0.4190	-159
1392	9000	50	-0.4336	-155
1393	9100	45	-0.4239	-157
1394	9200	40	-0.4580	-149
1395	9300	35	-0.4288	-155
1396	9400	30	-0.4288	-154
1397	9500	25	-0.4288	-153
1398	9600	20	-0.4629	-146
1399	9700	15	-0.4434	-149
1400	9800	10	-0.4580	-146
1401	9900	5	-0.4336	-150
1402	10000	0	-0.4629	-143
1403	10100	-5	-0.2777	-181
1404	10200	-10	-0.2290	-191
1405	10300	-15	-0.2046	-196
1406	10400	-20	-0.2193	-193
1407	10500	-25	-0.2144	-194
1408	10600	-30	-0.2972	-177
1409	10700	-35	-0.3070	-175
1410	10800	-40	-0.3703	-162
1411	10900	-45	-0.2972	-177
1412	11000	-50	-0.3362	-169
1413	11100	-55	-0.3703	-162
1414	11200	-60	-0.4044	-155
1415	11300	-65	-0.3947	-157
1416	11400	-70	-0.4093	-155
1417	11500	-75	-0.4190	-153
1418	11600	-80	-0.4824	-140
1419	11700	-85	-0.3800	-161
1420	11800	-90	-0.4190	-153
1421	11900	-95	-0.4434	-148
1422	12000	-100	-0.5116	-134
1423	12100	-105	-0.4677	-143
1424	12200	-110	-0.4531	-146
1425	12300	-115	-0.5067	-135
1426	12400	-120	-0.5213	-132
1427	12500	-125	-0.4677	-143
1428	12600	-130	-0.4970	-137
1429	12700	-135	-0.4872	-139
1430	12800	-140	-0.4921	-138
1431	12900	-145	-0.5067	-135
1432	13000	-150	-0.5311	-130
1433	13100	-155	-0.5116	-134
1434	13200	-160	-0.5457	-127
1435	13300	-165	-0.5360	-129
1436	13400	-170	-0.5701	-122
1437	13500	-175	-0.5652	-123
1438	13600	-180	-0.6042	-115
1439	13700	-185	-0.5847	-119
1440	13800	-190	-0.6042	-115
1441	13900	-195	-0.5944	-117
1442	14000	-200	-0.5847	-119
1443	14100	-205	-0.6090	-114
1444	14200	-210	-0.6139	-113
1445	14300	-215	-0.6237	-111
1446	14400	-220	-0.6529	-105
1447	14500	-225	-0.6285	-110
1448	14600	-230	-0.6529	-105
1449	14700	-235	-0.6724	-101
1450	14800	-240	-0.7016	-95
1451	14900	-245	-0.6724	-101
1452	15000	-250	-0.6237	-111
1453	15100	-255	-0.6578	-104
1454	15200	-260	-0.7016	-95
1455	15300	-265	-0.6870	-98
1456	15400	-270	-0.6821	-99
1457	15500	-275	-0.7065	-94
1458	15600	-280	-0.7162	-92
1459	15700	-285	-0.7308	-89
1460	15800	-290	-0.7211	-91
1461	15900	-295	-0.7065	-94
1462	16000	-300	-0.7162	-92
1463	16100	-305	-0.7503	-85
1464	16200	-310	-0.7844	-78
1465	16300	-315	-0.7650	-82
1466	16400	-320	-0.7796	-78
1467	16500	-325	-0.7650	-81
1468	16600	-330	-0.8088	-72
1469	16700	-335	-0.7942	-75
1470	16800	-340	-0.8478	-64
1471	16900	-345	-0.8527	-63
1472	17000	-350	-0.8575	-62
1473	17100	-355	-0.8721	-59
1474	17200	-360	-0.9501	-44
1475	17300	-365	-0.9550	-43
1476	17400	-370	-0.9404	-46
1477	17500	-375	-0.9793	-38
1478	17600	-380	-1.0378	-26
1479	17700	-385	-1.0427	-25
1480	17800	-390	-1.0865	-16
1481	17900	-395	-1.1109	-11
1482	18000	-400	-1.1499	-3
1483	18100	-405	-1.1840	4
1484	18200	-410	-1.2424	16
1485	18300	-415	-1.2814	24
1486	18400	-420	-1.3642	41
1487	18500	-425	-1.3935	47
1488	18600	-430	-1.4714	63
1489	18700	-435	-1.4958	68
1490	18800	-440	-1.6176	93
1491	18900	-445	-1.6566	101
1492	19000	-450	-1.7638	123
1493	19100	-455	-1.8466	140
1494	19200	-460	-2.0220	176
1495	19300	-465	-2.0756	187
1496	19400	-470	-2.2023	213
1497	19500	-475	-2.2851	230
1498	19600	-480	-2.4362	261
1499	19700	-485	-2.5385	282
1500	19800	-490	-2.6359	301
1501	19900	-495	-2.8065	336
1502	20000	-500	-3.0160	379
1503	20100	-505	-3.1329	403
1504	20200	-510	-3.3180	441
1505	20300	-515	-3.4350	465
1506	20400	-520	-3.6640	512
1507	20500	-525	-3.7955	539
1508	20600	-530	-4.0684	595
1509	20700	-535	-4.2730	637
1510	20800	-540	-4.5848	701
1511	20900	-545	-4.8236	750
1512	21000	-550	-5.0867	804
1513	21100	-555	-5.3985	868
1514	21200	-560	-5.7298	936
1515	21300	-565	-6.1342	1019
1516	21400	-570	-6.5045	1095
1517	21500	-575	-6.8651	1169
1518	21600	-580	-7.4449	1288
1519	21700	-585	-7.8152	1364
1520	21800	-590	-8.4632	1497
1521	21900	-595	-9.0333	1614
1522	22000	-600	-9.7300	1757
1523	22100	-605	-10.3537	1885
1524	22200	-610	-11.2356	2066
1525	22300	-615	-11.9420	2210
1526	22400	-620	-13.2332	2475
1527	22500	-625	-14.2905	2692
1528	22600	-630	-15.5476	2950
1529	22700	-635	-16.6925	3185
1530	22800	-640	-18.2858	3512
1531	22900	-645	-19.9619	3856
1532	23000	-650	-21.7792	4229
1533	23100	-655	-23.6210	4607
1534	23200	-660	-25.9548	5086
1535	23300	-665	-28.0597	5518
1536	23400	-670	-30.2717	5972
1537	23500	-675	-32.3814	6405
1538	23600	-680	-32.8102	6493
1539	23700	-685	-32.7712	6485
1540	23800	-690	-32.7176	6474
1541	23900	-695	-32.6835	6466
1542	24000	-700	-32.6348	6456
1543	24100	-705	-32.6445	6458
1544	24200	-710	-32.6250	6454
1545	24300	-715	-32.6348	6456
1546	24400	-720	-32.6348	6456
1547	24500	-725	-32.6250	6454
1548	24600	-730	-32.6396	6457
1549	24700	-735	-32.6348	6456
1550	24800	-740	-32.6494	6458
1551	24900	-745	-32.6543	6459
1552	25000	-750	-32.6591	6460
1553	25100	-755	-32.6543	6459
1554	25200	-760	-32.6640	6461
1555	25300	-765	-32.6835	6465
1556	25400	-770	-32.7030	6468
1557	25500	-775	-32.7078	6469
1558	25600	-780	-32.7176	6471
1559	25700	-785	-32.7225	6472
1560	25800	-790	-32.7517	6477
1561	25900	-795	-32.7663	6480
1562	26000	-800	-32.7761	6482
